100

54,11,56,8,39,48,95,60,55,25,6,42,89,13,67,72,46,24,36,37,50,34,84,88,23,98,76,18,79,28,35,65,62,87,59,61,4,92,43,19,27,12,57,38,22,63,94,9,91,69,26,1,74,70,64,73,44,58,49,81,16,17,3,71,21,90,100,86,75,31,45,40,15,41,82,29,33,32,83,5,80,10,77,85,47,97,20,2,66,51,52,78,68,53,14,93,96,30,99,7
100,66,26,1,53,69,51,33,74,86,73,78,19,46,80,13,14,15,61,36,97,49,7,76,10,17,79,42,98,95,84,29,11,75,32,16,40,30,62,8,59,22,72,44,56,60,3,85,52,65,4,94,89,83,37,57,58,70,31,77,20,12,50,92,25,99,81,96,9,5,6,63,55,90,39,28,68,67,91,18,48,34,43,88,93,82,23,21,87,24,45,38,64,54,71,35,2,47,27,41
21,52,4,73,94,37,91,58,89,86,35,96,48,9,65,23,8,18,38,66,84,28,5,92,26,6,34,62,95,30,3,33,25,19,54,77,42,24,78,57,63,39,7,53,17,20,99,36,40,2,83,82,69,29,76,68,1,44,45,16,87,70,31,64,67,75,22,71,55,98,81,49,60,11,15,43,85,12,10,97,88,14,50,56,61,47,59,90,41,100,51,80,46,32,27,93,72,74,13,79
58,19,33,28,64,30,1,55,82,4,7,65,79,69,27,39,18,99,96,84,76,74,61,62,91,59,89,23,9,52,98,66,77,47,93,56,3,42,49,11,45,34,40,38,78,87,54,80,36,86,25,51,6,68,31,73,41,15,85,92,22,10,71,50,21,60,32,95,90,97,53,35,75,2,100,8,63,67,44,43,83,26,29,72,46,81,13,20,88,16,12,70,24,37,5,17,94,14,48,57
84,32,22,35,5,97,15,27,69,14,7,72,18,78,31,90,42,59,79,1,88,77,26,53,92,49,45,82,99,16,33,39,75,67,68,43,17,19,71,11,21,10,36,34,4,65,55,86,63,48,66,54,93,8,94,9,89,51,6,3,70,91,25,64,56,52,85,29,58,96,81,98,28,74,23,30,60,73,41,13,100,37,50,40,95,2,80,76,47,12,57,87,61,24,83,38,44,20,62,46
16,60,92,56,86,28,14,81,97,31,66,30,20,12,100,58,4,23,52,6,33,62,3,91,10,27,85,75,76,19,51,49,94,11,82,74,13,38,41,88,67,96,40,57,78,95,9,17,24,34,5,21,39,59,80,32,2,71,45,7,64,26,93,47,29,36,87,54,1,35,63,46,90,77,48,42,69,37,83,61,84,72,8,68,65,70,53,98,18,99,22,25,73,44,15,89,79,43,50,55
75,84,72,49,22,79,28,44,33,55,85,56,58,34,65,53,88,57,66,77,29,13,76,71,43,19,61,37,27,100,70,8,20,95,96,23,47,87,36,48,97,26,14,91,5,90,1,60,11,73,68,45,83,17,52,94,39,46,2,74,18,3,92,35,15,24,30,16,86,54,38,12,21,67,4,69,25,78,51,7,41,31,40,59,93,32,50,89,42,10,6,80,64,63,99,98,81,62,9,82
48,92,23,1,85,19,84,72,95,81,34,43,24,58,46,57,67,9,70,32,88,56,80,26,100,44,55,2,79,82,66,87,45,94,76,6,41,99,3,11,42,73,27,15,61,22,12,18,97,29,71,38,59,96,64,53,68,36,75,20,14,21,10,16,93,86,13,51,69,17,8,37,7,77,25,28,4,74,60,47,78,62,83,39,30,54,52,5,63,35,65,49,50,91,90,89,98,40,31,33
34,87,37,94,60,63,92,6,58,18,78,68,44,16,8,76,24,10,53,77,56,51,21,80,50,26,46,88,42,86,5,39,90,59,64,47,3,71,100,31,62,73,33,14,72,89,20,9,91,4,98,40,97,36,41,74,52,55,1,30,25,69,35,32,99,45,49,85,83,93,17,75,12,84,54,57,2,27,65,67,82,48,81,29,19,15,7,11,23,22,95,66,13,43,61,96,28,38,70,79
71,16,8,59,24,55,37,46,4,5,42,72,2,45,43,78,25,14,17,34,76,20,28,74,92,62,53,61,56,73,54,30,67,86,1,51,35,18,66,13,95,7,29,38,68,33,100,21,99,9,12,41,96,90,50,58,11,22,84,40,57,27,23,70,63,36,83,69,47,10,6,60,52,31,89,93,65,91,94,32,81,87,19,49,97,48,26,85,3,39,44,88,80,82,77,79,64,98,15,75
46,89,27,9,13,25,5,18,19,62,47,12,43,86,84,67,41,77,52,88,82,63,16,93,17,73,97,94,49,53,26,14,79,64,66,34,42,56,99,35,61,91,51,1,6,3,2,8,75,11,45,69,78,70,57,54,98,72,95,30,29,39,96,15,36,10,71,24,48,76,33,44,55,40,68,50,38,81,21,100,23,92,59,60,4,74,90,37,85,32,58,28,80,31,7,65,20,22,83,87
81,30,87,34,100,46,24,82,76,15,89,58,32,50,91,86,45,16,88,74,54,41,72,92,67,57,69,42,28,75,61,10,19,59,26,96,98,4,47,17,78,3,25,14,29,37,22,12,13,27,31,85,94,33,52,70,53,83,51,2,18,79,48,71,64,40,20,8,90,35,60,11,73,5,95,43,56,23,63,65,21,66,93,1,84,38,99,55,36,7,44,62,39,77,68,80,49,97,9,6
93,24,75,54,26,33,97,57,66,100,12,41,51,13,83,82,50,32,70,77,9,81,76,31,8,45,5,3,94,28,80,17,46,42,71,36,4,16,55,22,60,35,49,69,68,65,87,62,38,25,78,61,95,34,11,59,39,37,1,84,52,98,7,72,40,47,6,64,23,30,79,91,53,92,96,86,14,85,90,74,73,2,48,19,99,21,27,18,88,43,56,58,63,10,67,44,89,29,20,15
40,77,73,26,90,62,34,71,88,99,52,93,66,67,20,98,61,85,49,11,36,16,2,72,15,81,83,59,76,63,97,30,91,78,27,38,87,42,24,17,86,21,74,53,84,60,35,50,89,12,56,80,6,14,92,82,19,51,69,75,48,7,70,28,58,68,37,100,23,5,9,95,4,47,55,43,45,8,96,57,1,44,32,46,31,39,22,25,10,79,54,41,64,18,33,94,13,65,29,3
70,17,78,61,9,97,92,72,85,24,52,81,51,1,36,4,25,37,19,15,20,90,59,11,38,74,77,42,5,49,47,58,6,21,14,76,22,63,64,31,10,3,7,95,39,66,60,57,94,99,62,69,27,75,50,82,40,80,83,56,96,33,68,89,55,48,12,32,98,30,28,93,18,100,26,43,41,84,34,87,91,8,46,73,23,86,29,53,88,79,45,65,54,44,67,16,35,71,2,13
70,76,87,97,59,33,69,41,53,4,46,20,19,57,3,44,56,38,11,31,21,64,6,80,63,34,45,86,26,99,8,96,43,88,66,29,93,12,65,25,92,84,67,82,28,90,42,60,2,18,23,24,1,79,52,5,50,68,91,100,37,10,54,39,95,58,89,47,78,17,22,13,9,75,49,61,27,77,51,73,15,32,62,16,94,35,7,98,71,36,83,40,48,14,30,55,74,72,81,85
32,97,98,92,1,22,40,70,83,90,20,10,57,45,54,96,37,79,52,71,39,51,84,7,74,69,85,100,78,60,82,87,2,44,38,9,72,62,63,4,8,17,6,31,88,12,91,68,73,89,34,41,21,66,43,5,15,80,24,99,35,94,11,95,36,42,81,16,53,18,29,13,86,30,76,46,19,14,64,77,56,61,75,47,65,93,33,48,3,26,25,50,49,67,27,58,28,55,59,23
39,67,83,6,65,33,89,76,92,11,74,91,9,25,49,82,59,93,47,26,90,24,60,28,95,72,51,79,36,80,68,85,27,34,23,70,30,38,61,21,96,64,22,78,50,42,71,29,63,16,81,86,52,62,45,40,32,97,12,54,5,20,19,13,17,58,46,8,57,69,44,10,31,1,77,14,18,48,87,43,100,41,73,55,15,56,98,2,7,94,3,75,66,88,99,35,37,84,4,53
42,15,17,16,97,43,77,79,34,50,83,46,37,29,45,55,69,41,26,75,57,78,47,3,7,4,33,87,30,71,56,95,51,89,35,14,18,94,52,99,6,28,13,88,66,9,64,86,63,48,19,80,32,38,27,25,54,81,62,100,39,67,11,10,21,2,36,85,96,73,23,22,40,90,91,58,76,12,65,92,74,5,31,59,98,93,53,44,60,49,84,8,20,70,1,24,82,61,68,72
40,80,84,59,69,91,88,50,72,5,29,28,42,55,15,30,93,58,4,82,70,11,9,46,12,66,36,94,51,63,75,10,18,33,3,96,100,7,52,98,71,97,85,13,34,89,54,61,67,21,64,49,41,19,20,14,47,90,74,6,37,68,92,48,38,8,79,16,86,53,32,43,35,2,99,77,17,56,23,62,60,78,57,87,39,31,65,25,81,1,73,76,22,27,95,44,24,26,45,83
51,24,4,35,44,53,21,90,82,78,70,95,58,67,65,74,61,27,86,5,69,13,42,77,96,62,88,2,37,46,36,18,97,15,20,17,98,32,10,71,26,39,3,55,87,91,7,47,50,56,72,79,14,54,81,100,60,1,6,41,25,38,9,11,59,93,63,34,31,48,40,33,49,43,52,73,29,68,57,80,85,99,75,8,16,92,45,30,66,64,12,19,84,83,89,94,22,76,23,28
19,11,1,22,74,44,21,35,46,9,89,94,59,13,31,83,25,14,68,76,53,12,99,28,3,55,54,93,16,17,36,85,58,96,41,86,63,66,62,73,98,40,70,82,26,60,71,57,10,77,67,61,8,7,43,81,34,64,80,79,29,42,5,90,33,49,56,32,92,45,6,51,39,91,84,30,72,48,69,24,50,23,20,18,78,2,95,65,37,75,100,15,88,27,38,52,4,97,87,47
73,23,51,29,100,16,69,59,43,55,65,79,91,67,10,18,93,24,61,32,78,19,70,1,30,86,41,35,80,98,2,74,87,76,13,27,9,77,12,14,40,81,42,88,33,39,45,47,15,50,99,64,28,60,75,66,63,62,37,31,85,56,94,72,52,48,84,38,26,68,25,49,4,46,20,92,17,57,6,3,44,8,21,58,71,11,54,34,36,96,95,5,22,53,7,97,90,82,89,83
15,85,92,19,49,8,6,81,65,58,39,3,90,54,73,28,96,14,59,16,40,98,93,80,12,75,64,29,89,41,67,68,76,26,5,21,50,10,27,7,95,2,62,82,44,30,13,33,72,77,78,60,91,74,9,87,86,69,22,70,66,36,42,37,34,55,43,97,99,17,63,24,25,83,61,79,46,32,35,31,45,1,4,18,20,38,84,100,11,48,94,56,71,88,57,23,51,47,52,53
23,12,10,64,54,5,14,78,15,79,44,68,61,50,2,41,51,40,43,100,77,19,26,74,20,34,65,3,22,90,83,27,60,88,36,75,47,87,4,92,55,67,16,56,85,42,89,72,48,33,38,11,21,91,66,71,46,63,53,58,69,24,93,86,95,84,7,81,28,45,31,70,82,35,37,32,62,29,39,18,17,8,52,1,30,98,96,9,99,59,97,94,80,49,6,13,76,73,25,57
71,22,94,87,60,86,15,76,83,36,91,64,99,48,77,69,3,79,92,63,13,96,41,52,84,38,19,20,10,14,28,8,62,66,17,100,5,2,55,93,6,61,29,53,33,85,78,50,51,45,88,74,95,43,49,9,82,73,97,26,70,34,46,18,27,90,23,65,47,32,25,7,35,39,59,58,12,68,40,56,1,31,42,81,72,24,67,21,30,54,37,57,11,89,4,44,80,98,16,75
10,36,55,72,76,97,5,8,24,32,66,69,94,71,43,20,91,88,62,31,49,4,22,12,33,59,52,40,67,68,44,73,29,11,37,15,82,58,63,48,21,30,45,42,99,50,90,64,87,89,9,41,14,65,81,53,61,56,2,77,28,19,7,25,6,46,18,1,75,38,86,35,70,34,96,93,51,95,54,92,57,27,84,98,79,78,26,17,100,74,39,47,60,3,80,13,23,16,83,85
40,92,24,90,50,77,28,10,35,4,19,52,21,22,72,60,6,44,31,17,45,71,32,41,47,82,39,70,43,69,2,51,57,12,68,79,42,76,61,84,91,59,55,37,96,75,25,56,58,1,86,20,8,33,97,11,5,26,38,9,66,63,98,49,54,80,29,78,34,99,18,53,100,93,14,94,64,73,74,46,36,15,95,30,13,16,27,23,67,3,87,7,48,65,88,89,62,83,81,85
65,75,96,42,30,68,73,77,21,53,38,19,76,26,27,99,12,70,11,17,78,83,79,18,81,57,89,97,80,71,41,92,62,32,7,54,15,40,87,29,44,4,9,98,1,63,52,56,55,36,34,20,14,6,37,47,67,51,31,72,88,2,90,94,84,28,43,61,33,86,82,74,13,66,10,91,64,48,95,69,8,25,16,85,93,46,5,45,3,24,23,50,100,58,60,35,59,49,22,39
32,58,75,84,61,52,45,78,26,39,16,44,86,23,62,74,42,29,60,93,21,53,47,70,30,79,8,43,6,59,68,91,55,89,83,17,9,100,88,37,36,80,96,56,85,41,99,25,1,64,2,98,72,11,97,67,66,22,5,28,4,94,73,82,38,13,14,24,92,81,35,54,15,77,46,95,71,34,33,40,90,27,48,18,63,50,49,76,65,12,7,3,10,87,31,19,20,57,51,69
75,28,66,20,25,47,19,64,12,54,60,49,16,88,94,81,4,70,26,55,6,24,29,91,45,3,67,51,86,5,46,58,22,13,50,89,10,68,27,33,78,76,99,2,79,98,44,35,95,18,56,62,72,100,7,8,92,17,65,40,69,43,15,80,61,21,30,97,11,82,38,85,23,39,52,53,83,87,96,31,37,9,57,84,1,32,71,34,42,74,36,48,59,73,77,90,14,41,93,63
9,25,46,85,82,7,13,37,18,87,74,40,3,34,76,90,29,20,78,26,36,16,63,21,30,1,75,66,89,88,57,70,61,31,79,64,93,100,67,2,50,22,98,10,58,38,55,19,65,24,96,6,71,48,11,95,84,81,17,68,5,42,35,92,39,77,51,33,72,99,86,14,45,52,43,32,28,73,49,60,80,56,15,97,53,12,44,8,69,62,83,54,59,41,94,23,4,91,47,27
10,38,64,25,16,95,58,19,40,69,53,66,52,22,6,41,84,24,49,72,74,27,21,97,39,77,86,57,5,36,94,60,43,90,29,32,15,88,35,85,28,68,63,100,59,18,70,47,14,9,42,83,17,34,67,81,23,54,51,92,48,55,2,89,78,87,91,33,65,99,93,11,50,46,1,96,80,73,75,79,20,76,7,26,45,13,61,3,71,31,56,44,8,82,12,37,98,62,30,4
42,61,20,59,75,67,8,90,70,48,55,84,25,21,64,65,95,44,77,9,17,66,58,36,97,4,81,96,35,93,50,85,47,39,28,27,88,86,79,31,69,52,43,10,91,1,33,53,23,68,49,37,32,38,11,57,15,63,30,62,16,34,24,76,72,19,71,87,99,78,12,73,3,51,54,22,98,29,41,100,45,74,83,94,18,13,2,40,6,46,5,92,82,26,7,56,14,60,80,89
28,52,97,93,87,80,11,22,64,62,48,58,83,36,54,2,39,3,34,59,100,79,68,50,25,70,6,35,20,4,10,45,37,30,12,29,77,71,75,89,74,32,57,94,5,72,42,78,82,13,51,53,9,33,47,98,19,21,31,43,76,23,95,60,24,15,69,18,91,26,65,16,92,7,90,61,66,46,40,88,56,55,99,49,86,38,41,84,8,17,81,73,27,96,85,14,44,1,67,63
19,46,85,75,38,92,100,89,73,63,53,6,79,48,95,60,71,64,47,28,14,12,72,11,88,91,24,45,10,90,81,16,83,22,70,5,33,67,96,57,55,4,69,59,62,84,54,8,23,18,94,74,31,52,78,13,65,29,36,99,77,2,50,41,44,9,35,87,61,20,98,7,40,15,27,43,3,32,39,56,86,26,68,21,1,97,76,80,30,25,66,82,49,51,93,34,58,17,37,42
18,19,87,14,27,60,48,23,1,52,68,70,47,45,44,41,29,30,8,54,79,26,100,94,86,99,90,25,78,75,57,5,59,85,37,56,39,63,53,36,77,7,40,62,73,76,22,61,67,92,96,31,11,28,55,46,32,58,50,10,33,81,69,65,4,74,66,35,21,97,64,34,88,89,38,95,71,3,20,15,84,83,9,80,91,42,93,49,43,24,17,12,13,82,98,2,6,51,72,16
12,1,3,67,18,73,64,45,60,34,51,77,19,94,66,74,13,28,95,87,24,92,88,93,39,79,10,30,27,17,26,46,82,22,98,37,71,4,40,78,11,21,84,69,44,38,14,52,23,100,33,7,49,2,62,58,99,41,25,91,63,56,15,43,6,76,47,68,90,61,36,65,80,59,35,57,55,5,75,31,83,96,89,20,86,53,54,72,9,16,50,97,85,42,29,48,8,32,81,70
73,36,78,84,35,55,42,88,96,64,92,41,95,54,3,52,85,10,51,56,12,19,63,44,6,27,89,46,59,61,33,5,71,86,100,7,79,57,15,60,32,29,26,18,76,97,47,11,67,98,80,50,31,30,66,62,38,37,2,70,28,20,68,24,45,43,8,81,77,93,17,75,16,69,14,83,39,13,4,82,22,65,21,99,49,87,74,48,40,23,91,1,94,72,34,90,9,53,58,25
23,97,60,93,42,85,65,69,45,43,82,71,2,3,52,13,73,68,46,79,88,31,94,67,90,12,91,98,27,53,37,70,74,59,92,39,40,29,10,44,95,75,80,30,18,99,56,62,81,6,7,5,35,41,58,16,54,34,9,61,96,36,4,47,38,77,15,33,57,86,17,8,64,63,24,21,78,22,76,14,51,32,20,25,49,50,11,87,66,100,1,83,28,19,72,48,55,26,84,89
89,42,1,19,55,15,51,36,69,64,100,9,57,31,84,78,32,46,33,85,65,96,63,82,54,3,16,61,10,87,43,28,70,59,39,24,66,17,72,41,92,13,8,30,45,4,48,49,22,90,21,40,93,34,74,77,7,50,58,29,99,68,25,2,95,75,86,98,37,83,97,38,60,44,6,5,91,94,76,20,26,67,62,18,11,27,14,56,53,88,81,12,47,52,80,71,79,23,35,73
34,18,15,79,26,98,66,57,33,45,5,7,69,16,72,89,55,25,38,39,36,56,73,74,67,10,46,71,17,51,92,59,84,19,3,60,100,53,11,94,14,97,62,52,77,22,78,2,63,23,54,61,1,80,50,95,82,6,70,12,65,76,31,9,35,64,49,37,30,88,75,41,58,4,20,86,90,91,13,93,42,81,21,27,32,24,87,47,96,44,43,85,8,68,48,83,40,28,99,29
3,18,40,11,23,51,46,64,70,42,48,71,74,41,85,80,67,34,59,37,20,89,6,1,47,9,26,97,61,95,96,14,63,38,79,36,31,22,69,87,72,86,78,56,5,27,53,77,29,57,58,62,68,49,93,32,15,19,43,73,12,50,91,54,33,24,82,16,99,98,60,17,66,39,28,25,81,55,84,94,2,13,88,52,7,90,35,8,92,21,75,65,44,4,76,30,83,100,45,10
8,41,60,69,51,20,87,96,83,67,14,94,3,42,90,85,34,89,71,36,43,32,31,54,70,100,98,84,97,72,63,28,92,5,37,39,11,82,93,2,53,57,78,44,24,23,4,19,12,59,56,58,29,21,91,80,1,17,13,30,88,10,16,79,77,46,86,9,18,27,35,50,68,95,62,47,61,81,48,99,15,33,73,64,40,38,75,45,7,65,26,49,25,55,22,52,6,66,76,74
63,34,76,16,70,1,79,12,27,66,23,64,74,81,26,59,5,15,50,36,62,97,95,32,17,93,60,28,85,31,44,13,56,87,61,8,75,6,68,99,90,78,54,35,10,84,92,29,48,73,20,86,45,77,58,21,2,53,4,71,40,82,52,98,49,33,14,18,41,91,9,19,83,38,57,37,69,80,96,47,43,88,7,24,11,3,67,72,30,42,22,94,89,100,46,65,55,51,25,39
9,40,81,68,11,67,42,100,93,92,26,98,23,30,38,22,89,80,47,31,63,97,84,64,91,99,66,48,52,75,50,56,88,46,77,94,69,53,12,58,35,19,44,90,95,55,83,27,37,34,72,1,14,3,29,86,74,61,49,18,73,51,60,76,16,87,10,13,57,65,36,78,7,28,25,15,39,20,24,41,2,8,70,71,21,17,96,59,33,62,43,45,79,5,32,82,85,54,6,4
66,31,35,36,38,4,67,51,8,37,71,47,16,24,91,78,7,19,32,12,85,82,83,61,33,70,20,64,30,52,74,96,92,2,17,23,41,63,60,29,88,94,54,39,14,93,59,34,15,21,62,73,77,95,18,90,69,46,68,75,13,44,28,89,80,72,11,40,22,26,53,65,99,97,3,98,86,45,58,49,84,10,56,43,76,1,42,5,87,48,25,57,100,79,27,50,55,9,6,81
10,76,64,16,46,89,32,69,65,39,19,56,54,34,17,82,43,21,37,72,55,28,12,92,5,79,24,80,99,30,18,81,45,93,41,36,26,58,63,49,4,33,91,60,100,62,40,35,57,48,1,67,85,71,9,23,3,7,66,77,53,44,96,42,47,6,75,31,15,20,51,70,11,8,13,14,74,29,52,84,88,38,59,22,87,94,50,78,25,73,90,27,86,95,68,97,98,2,83,61
75,86,67,54,56,42,65,58,44,96,5,36,64,23,66,72,48,16,68,62,19,30,83,25,85,94,45,4,88,61,17,51,69,39,74,78,76,38,11,14,63,87,15,22,6,40,33,32,79,29,34,24,80,43,47,21,59,98,46,73,89,77,27,82,35,95,53,2,13,8,90,12,70,100,3,10,1,31,84,81,37,60,41,49,18,9,7,91,57,92,55,50,99,20,93,71,52,26,97,28
87,42,32,51,47,3,84,78,41,16,56,69,80,17,38,95,15,97,45,1,22,94,33,27,8,77,61,81,34,54,10,20,52,65,71,14,75,28,66,55,5,74,46,40,25,49,57,68,4,23,18,44,90,48,64,93,12,83,73,82,88,31,43,21,96,6,29,9,63,60,91,2,19,7,98,67,59,24,11,53,37,70,79,76,92,26,89,35,85,99,86,62,13,36,58,30,100,72,39,50
87,58,4,10,98,44,72,67,97,55,94,14,73,99,53,81,84,28,48,17,33,76,90,37,82,62,60,34,24,83,64,43,50,35,26,7,63,27,75,11,79,45,41,15,93,3,1,96,22,91,89,32,68,56,95,23,66,25,74,59,100,31,8,20,52,30,88,71,57,42,21,38,92,9,69,46,70,80,86,61,49,85,2,12,6,18,16,78,36,19,13,54,77,65,5,47,40,51,39,29
1,7,20,6,36,28,48,68,24,80,100,90,4,56,32,19,12,18,74,64,47,33,22,69,35,46,41,84,79,93,23,97,42,3,25,63,38,91,87,39,2,99,14,27,21,72,30,96,65,43,49,75,13,89,98,52,57,31,45,81,26,10,78,88,17,92,53,50,86,9,37,59,70,60,51,66,73,95,76,77,71,85,82,67,29,62,8,94,55,58,61,54,16,34,83,40,44,15,5,11
54,79,57,84,28,73,13,49,95,29,81,87,8,3,69,58,10,55,83,76,15,22,47,26,39,63,35,96,86,4,11,62,64,99,25,78,38,98,92,90,9,32,37,1,88,18,20,56,42,48,61,41,24,31,60,23,59,33,65,52,100,21,97,67,89,6,19,34,44,66,43,93,50,68,45,70,74,30,75,51,77,27,53,91,85,82,17,2,5,16,7,72,36,40,71,80,94,14,12,46
63,47,14,76,66,53,85,10,79,48,60,56,55,37,26,65,23,73,92,94,89,21,17,97,35,12,54,15,2,24,69,39,16,71,88,5,93,72,38,32,7,61,40,44,95,75,84,25,91,46,77,27,98,9,19,30,36,50,43,4,86,58,51,42,29,8,49,6,45,20,100,18,64,67,3,28,90,22,33,96,41,82,57,78,83,70,13,1,87,34,80,99,52,31,59,81,68,62,11,74
11,38,40,55,19,5,20,9,33,82,61,6,10,79,62,76,25,22,1,34,37,53,43,46,89,13,87,21,77,60,64,41,26,18,95,45,23,96,24,35,84,17,81,74,7,48,29,83,93,65,88,98,71,28,2,73,91,4,16,44,78,100,32,85,8,50,15,31,12,99,68,75,97,90,58,59,66,67,36,14,80,30,49,72,92,39,56,42,63,69,94,54,70,86,57,51,47,3,52,27
42,66,14,87,71,73,52,31,32,30,59,9,27,39,20,76,26,95,53,80,57,41,65,13,99,77,58,11,24,55,5,8,79,16,34,36,7,47,49,89,85,3,75,84,23,100,63,15,2,18,92,22,54,17,45,86,93,35,67,68,10,78,72,61,90,70,28,62,94,91,60,46,43,19,64,37,56,50,98,21,69,83,29,74,81,82,97,44,4,1,88,38,25,6,48,51,33,96,12,40
1,91,96,56,48,86,47,51,35,52,31,49,44,94,33,18,38,5,55,72,13,20,70,60,26,3,73,84,98,14,71,7,100,24,69,76,63,23,74,30,85,61,99,68,64,4,77,78,27,42,43,54,88,34,10,8,75,6,50,29,19,95,53,87,21,58,16,17,22,62,41,66,37,57,59,15,32,9,25,81,45,93,40,97,39,12,67,2,82,92,83,46,65,11,90,36,80,89,79,28
18,39,79,76,40,63,60,74,15,71,35,73,81,14,20,97,56,27,21,70,52,32,64,66,57,59,65,67,24,7,49,58,48,50,44,8,17,78,16,95,9,5,22,98,91,26,2,1,38,94,51,10,89,34,90,100,13,46,77,96,54,88,6,61,53,23,42,55,36,84,12,47,72,75,37,68,4,3,80,69,19,28,93,29,43,85,92,99,82,25,41,45,31,83,87,33,30,62,86,11
75,88,93,28,70,11,45,96,52,34,83,18,25,73,22,19,87,9,31,91,51,7,94,48,6,49,56,78,71,23,8,62,43,53,41,84,26,47,76,99,39,29,90,66,33,46,13,21,95,36,68,35,98,77,3,4,82,79,20,14,81,37,100,65,86,10,42,69,24,63,15,5,58,44,16,57,30,2,55,17,27,32,92,72,54,64,74,61,38,85,1,12,89,97,50,60,67,59,80,40
66,37,21,70,82,3,63,55,44,90,17,52,80,29,57,58,12,14,64,83,16,31,98,71,25,72,74,43,24,42,89,2,50,20,69,91,95,38,65,100,27,68,79,10,9,84,7,93,26,48,8,92,62,76,35,49,41,18,11,78,23,4,53,47,54,59,87,19,6,56,13,45,77,99,73,32,28,60,22,40,97,94,39,88,34,46,96,81,5,51,86,67,85,30,36,61,33,1,75,15
20,61,37,3,9,52,63,43,36,10,12,76,92,34,42,70,31,45,60,66,55,72,27,71,26,67,58,86,38,17,6,4,75,8,73,98,15,89,46,59,51,83,68,21,16,94,62,74,80,13,97,5,85,88,57,2,29,95,91,1,40,19,81,28,22,96,49,100,47,11,24,65,30,53,93,32,23,82,7,35,79,39,78,44,69,18,25,14,56,99,90,33,50,48,77,84,87,41,64,54
64,9,26,43,7,95,10,98,29,66,55,72,49,85,51,57,91,79,24,23,41,77,18,42,17,13,44,30,89,86,84,82,62,48,81,47,76,37,31,93,16,22,15,70,4,87,32,96,25,21,67,54,33,56,8,38,36,2,5,75,90,3,100,71,60,11,1,80,46,28,99,58,88,12,6,83,74,61,97,73,63,35,53,65,92,52,20,45,27,40,59,14,34,39,68,94,50,69,19,78
3,23,49,26,4,94,100,47,38,83,15,46,89,84,61,37,78,11,93,34,64,59,55,31,28,74,25,60,36,90,58,95,70,41,50,29,43,35,17,33,6,91,69,87,1,88,2,22,99,39,81,68,77,18,57,67,12,5,75,79,53,72,7,54,10,42,40,45,52,13,82,73,98,86,51,96,65,76,32,8,92,97,71,20,27,19,80,63,9,44,85,16,14,48,30,21,24,62,56,66
46,82,96,78,12,2,13,20,43,17,51,97,77,58,79,55,59,18,35,31,86,19,95,37,92,68,32,23,5,75,98,71,93,76,73,34,45,38,91,87,1,66,74,24,47,72,90,94,26,30,49,28,4,9,89,61,88,50,22,81,44,41,15,100,21,63,52,42,65,40,53,25,14,57,84,8,11,69,39,60,6,62,64,56,85,54,33,10,16,27,83,7,3,99,70,29,80,67,48,36
88,29,28,63,53,52,16,39,54,20,57,11,87,84,27,10,59,85,100,7,8,95,5,86,4,2,70,3,25,79,9,99,12,72,82,81,78,17,94,45,44,49,30,58,89,34,83,90,64,74,14,1,60,76,50,43,47,69,67,93,21,46,75,92,77,36,42,96,80,73,38,56,41,15,66,31,51,62,68,13,65,98,26,91,6,24,23,37,48,18,97,22,32,19,40,33,35,71,61,55
85,74,98,86,37,83,61,65,19,64,42,80,24,11,46,84,3,89,40,94,26,5,36,97,15,95,30,78,45,62,73,16,7,14,21,25,93,88,8,50,63,87,47,35,4,49,23,75,9,13,53,32,1,51,82,67,6,71,92,81,100,41,60,96,20,44,52,79,91,28,18,48,76,27,58,99,69,59,22,70,39,10,43,38,56,31,33,2,34,68,17,54,90,55,66,29,57,77,72,12
44,86,21,19,84,20,56,43,71,45,42,92,23,88,36,18,4,11,99,40,80,77,38,95,69,39,53,10,70,49,15,82,12,59,31,58,14,13,6,37,79,93,25,30,64,100,50,91,3,2,48,22,94,33,47,73,57,78,32,27,29,34,41,5,7,97,28,60,74,66,81,96,90,8,83,89,68,75,72,46,67,65,26,63,16,87,98,54,85,52,51,61,9,17,1,62,35,55,24,76
74,28,45,67,63,43,71,97,60,6,82,38,55,36,24,70,90,58,7,26,3,25,14,48,10,99,91,42,92,27,59,68,95,56,40,20,18,9,53,23,78,22,35,17,84,93,49,54,65,12,47,8,76,21,44,19,32,80,87,81,66,31,37,13,88,5,83,4,16,86,73,52,94,11,79,34,50,61,46,30,69,33,62,51,41,15,64,29,96,2,77,100,72,98,1,75,85,39,57,89
43,11,86,21,52,41,53,32,69,24,83,66,25,31,90,74,47,61,12,16,96,19,51,28,8,37,4,77,88,13,1,44,26,46,34,85,55,7,27,95,23,38,59,22,17,89,5,49,91,99,98,9,87,3,64,84,18,92,2,36,57,65,42,58,14,100,33,70,60,30,62,39,78,73,29,67,54,35,71,6,45,50,48,72,15,97,80,10,20,81,94,82,75,40,56,76,68,93,79,63
44,20,87,27,100,50,4,99,32,15,81,18,8,21,13,2,1,83,60,82,47,79,26,65,93,70,12,25,56,19,90,88,61,92,30,76,52,78,67,95,89,3,96,98,38,35,59,23,17,57,36,73,85,7,22,16,75,58,41,55,62,9,42,66,49,86,10,80,5,74,31,51,63,33,45,29,43,54,6,94,24,53,39,72,97,71,69,91,11,37,34,40,28,77,68,64,84,48,46,14
98,10,64,69,52,42,29,82,97,94,33,57,86,2,51,87,12,58,46,21,37,67,44,27,59,49,11,76,24,45,80,56,16,89,15,25,95,38,41,50,72,32,19,63,55,65,26,22,90,77,23,100,31,85,88,8,91,17,99,39,43,62,18,20,96,1,78,73,9,74,34,4,68,83,66,48,28,60,6,14,40,81,79,61,71,92,70,5,47,35,7,13,3,84,54,75,36,53,30,93
7,52,47,39,12,41,5,19,10,62,38,28,27,76,9,23,83,42,25,88,91,3,81,6,4,51,29,61,65,1,89,33,11,31,40,58,59,21,22,79,96,75,93,48,2,78,98,74,77,56,86,94,66,50,35,45,53,36,55,49,30,90,37,99,8,44,18,85,15,92,71,97,72,54,17,73,60,87,32,82,100,26,63,68,13,80,69,20,95,43,67,14,16,84,64,70,24,57,46,34
70,8,58,11,30,19,81,94,3,43,10,37,89,23,56,35,63,74,44,85,99,39,46,32,87,29,4,68,93,73,57,38,16,77,1,13,31,64,34,98,27,91,47,12,5,92,79,15,21,51,7,17,80,20,62,72,55,59,45,33,100,97,2,36,69,48,90,82,61,25,52,83,6,14,76,66,67,53,50,49,78,42,41,9,75,84,86,22,54,18,95,71,40,65,24,60,96,28,26,88
75,87,9,7,64,20,2,25,95,36,44,70,12,46,61,74,39,85,8,59,77,93,1,34,45,52,29,96,99,79,90,97,100,26,16,38,6,14,11,3,43,62,23,83,47,55,28,94,17,80,32,63,71,65,18,68,84,13,24,82,72,91,48,4,53,86,10,50,42,58,76,31,19,49,60,21,40,89,41,5,33,57,22,81,54,56,88,78,69,30,35,67,51,98,92,66,73,15,37,27
56,67,85,76,1,62,86,36,49,74,96,9,63,79,2,69,7,53,28,29,100,97,34,4,13,41,37,95,16,17,71,94,45,43,3,65,31,11,40,12,50,75,47,38,84,92,10,15,20,6,82,57,91,44,32,78,64,77,88,24,83,5,42,30,19,52,55,22,27,21,46,14,18,25,26,60,87,8,98,54,73,70,35,72,90,51,99,93,48,81,68,80,58,23,33,66,39,61,89,59
92,62,90,57,3,22,70,11,72,26,67,15,95,85,42,79,27,32,56,74,100,87,86,55,83,14,51,93,33,54,58,40,66,75,60,50,97,39,94,19,29,65,43,47,23,88,24,99,4,89,1,49,77,16,17,13,96,6,41,5,31,78,52,8,36,76,59,69,7,28,44,12,73,9,25,21,48,10,64,71,80,68,37,81,2,46,18,91,45,82,20,30,63,34,38,84,61,53,35,98
18,4,13,46,63,85,80,77,52,16,88,51,41,56,75,87,28,33,32,76,72,39,100,86,42,14,93,20,27,70,60,45,83,15,10,98,73,67,89,74,69,26,44,35,12,61,64,38,3,22,84,36,7,2,62,91,17,53,71,78,40,1,19,57,9,21,96,50,92,23,95,54,94,58,5,31,6,29,99,66,68,8,34,48,55,11,90,81,43,47,49,97,25,30,24,65,82,37,79,59
72,50,18,7,2,37,48,54,66,89,71,26,87,99,28,69,39,57,40,27,83,6,85,16,49,56,84,21,38,9,52,51,93,90,13,68,78,65,44,67,10,24,1,46,19,53,92,86,15,76,42,25,36,47,35,59,81,61,45,14,94,100,41,8,82,33,79,77,17,29,32,20,97,5,95,98,23,30,12,74,63,96,3,62,31,75,58,43,73,80,91,70,55,22,88,11,34,64,60,4
29,58,95,88,21,59,89,84,16,31,17,75,43,37,49,99,100,64,54,94,63,27,1,26,35,65,23,57,38,22,47,56,39,19,85,61,13,6,62,80,48,87,51,45,92,68,12,33,7,24,55,34,5,83,4,8,2,20,78,77,79,96,53,52,81,76,18,15,97,44,32,91,69,25,73,60,66,10,28,86,3,70,36,71,14,50,9,42,98,72,90,46,11,74,40,93,82,41,67,30
53,50,36,62,78,88,24,18,19,34,96,66,99,65,79,20,30,86,98,44,92,55,28,100,60,13,16,41,82,11,56,97,84,45,6,57,22,46,61,40,15,37,21,27,93,87,4,35,9,91,67,33,42,2,72,48,89,43,59,54,77,81,75,3,68,76,26,70,69,39,17,95,90,10,94,85,71,52,14,63,83,7,25,49,31,51,38,80,29,8,73,5,23,58,47,12,32,64,1,74
33,14,54,56,36,99,70,87,66,47,59,8,16,62,40,32,78,100,52,37,73,72,35,94,48,63,38,49,53,55,50,15,79,22,97,77,10,39,81,86,25,42,91,83,64,98,5,89,74,28,6,80,95,67,31,76,96,51,85,18,19,7,29,17,11,9,88,12,26,68,90,65,43,69,57,46,13,60,92,93,34,20,71,41,75,82,61,27,84,23,21,1,24,3,45,2,44,30,4,58
19,6,76,31,48,93,2,30,79,7,12,65,61,21,68,32,49,83,53,51,81,43,24,13,27,97,67,56,57,45,71,14,86,82,88,91,29,99,38,63,92,1,10,78,34,46,58,84,47,25,90,73,75,77,26,37,59,74,70,23,66,5,35,41,100,15,96,20,39,55,8,94,98,52,64,72,11,85,33,87,89,62,42,69,18,54,3,40,22,16,95,17,50,60,80,9,44,36,4,28
24,36,29,5,76,80,26,90,83,54,59,68,66,89,70,100,51,50,20,22,62,44,41,92,46,85,79,14,16,9,43,64,25,72,47,6,4,8,98,93,73,12,60,91,34,52,57,28,69,82,84,23,3,94,96,99,56,86,88,48,55,38,95,77,45,35,58,71,17,53,31,2,27,75,87,39,18,78,42,33,81,19,37,15,11,7,97,30,49,1,67,10,63,65,74,61,21,40,32,13
17,82,23,22,49,53,86,13,28,21,80,42,83,100,56,37,14,55,6,76,15,59,32,8,52,5,46,34,54,58,12,29,2,39,30,33,60,73,31,90,77,51,92,70,63,91,43,11,79,74,62,95,27,9,40,48,88,38,81,61,98,94,19,96,71,35,20,68,84,50,97,25,85,41,78,72,67,1,24,4,7,64,57,66,18,26,3,87,93,45,47,99,75,10,36,65,89,44,69,16
96,33,9,72,41,22,32,48,81,69,10,37,65,40,17,98,94,87,60,61,73,52,38,43,100,62,23,7,2,34,92,51,50,31,49,63,75,36,67,89,24,42,78,11,86,27,83,45,6,20,12,76,29,77,3,74,68,90,66,93,71,35,53,14,13,82,85,47,54,5,99,79,16,59,84,56,80,21,28,26,15,58,30,18,1,88,4,46,95,70,57,97,64,19,44,55,25,91,8,39
88,17,53,6,55,59,81,70,85,82,19,89,63,38,96,84,76,67,57,72,69,41,90,11,52,14,100,7,16,61,13,18,62,95,47,73,29,21,2,87,25,99,86,79,27,43,5,20,1,34,75,22,71,4,60,97,68,46,48,45,44,24,9,74,33,50,56,64,80,66,93,15,10,36,31,78,49,77,51,94,39,35,32,91,26,37,83,65,8,54,28,58,92,40,23,3,30,12,98,42
59,33,60,49,25,71,38,86,91,61,21,75,45,46,32,7,44,26,37,47,41,28,20,6,51,31,62,50,88,18,4,77,54,100,27,98,56,99,2,16,1,81,10,74,95,30,57,85,24,82,67,40,12,42,35,53,76,15,22,34,78,43,79,96,39,70,14,8,84,83,94,92,63,23,55,93,29,87,11,97,80,36,66,69,9,5,90,64,3,52,72,89,58,73,48,19,65,17,13,68
97,89,40,22,19,79,10,72,100,74,94,80,25,33,76,75,71,59,47,36,44,93,46,51,57,17,95,37,39,98,30,70,23,42,20,3,4,1,92,85,66,64,43,67,60,11,81,55,90,50,18,38,77,34,65,91,96,29,83,7,87,8,84,68,14,16,88,45,63,15,24,54,27,32,28,9,53,82,21,35,62,58,2,61,69,41,6,86,31,5,13,26,99,52,78,73,12,56,48,49
15,61,12,46,72,59,52,37,60,22,30,33,28,86,23,29,57,84,43,89,96,70,56,64,8,97,32,79,16,17,94,92,20,25,87,53,66,14,69,6,2,68,67,38,93,91,90,78,77,5,26,76,21,50,85,24,98,42,100,88,55,9,39,44,49,62,81,83,31,45,95,54,75,71,65,74,3,11,13,40,82,7,34,51,48,1,58,19,36,10,18,41,4,47,63,99,35,73,80,27
48,52,54,87,25,4,40,59,46,84,27,100,64,31,95,24,76,98,22,62,45,88,75,35,86,26,1,43,36,89,53,51,58,47,20,33,61,42,39,11,91,97,7,65,57,18,67,12,14,99,60,50,34,71,55,28,44,90,38,15,3,9,79,63,70,85,73,83,77,23,13,69,16,8,29,74,17,30,92,78,10,96,2,93,21,81,72,49,37,94,82,5,6,66,19,68,56,41,80,32
94,96,30,14,24,84,92,91,5,43,17,2,83,55,57,16,85,90,40,54,42,89,31,37,61,48,27,41,25,47,67,88,77,38,32,65,36,18,80,7,9,23,49,69,12,20,99,4,51,76,75,64,26,71,11,28,56,6,44,45,70,81,68,33,98,93,13,79,74,35,62,97,29,10,66,95,19,87,50,59,53,34,1,46,22,78,58,15,73,8,3,100,82,60,39,63,86,52,72,21
50,86,52,68,56,75,23,80,24,43,47,40,91,100,92,48,18,95,33,71,2,65,99,42,11,19,51,54,35,96,37,1,74,6,84,16,26,14,27,78,55,49,94,79,9,67,29,97,77,8,64,7,62,73,13,61,81,21,90,34,87,22,58,89,17,53,82,66,45,46,88,83,3,76,63,93,31,70,5,38,44,32,30,10,15,20,60,28,69,4,72,12,98,57,85,25,36,41,39,59
23,39,29,31,18,16,87,80,88,95,27,86,12,11,33,42,51,94,99,89,37,28,93,54,21,71,46,5,48,49,7,61,68,63,67,62,26,25,34,47,1,22,90,45,36,17,44,60,4,14,91,96,2,70,64,32,74,6,77,8,92,30,100,9,40,19,97,83,76,58,50,57,59,20,56,55,66,13,24,38,98,79,78,75,52,69,73,85,81,84,53,10,35,65,72,3,82,15,43,41
75,69,87,34,63,84,95,32,30,56,15,85,74,19,41,7,11,91,80,70,62,67,39,1,73,86,13,99,36,45,23,66,42,76,35,93,28,6,20,31,55,14,24,51,57,48,8,72,94,44,3,25,27,9,43,60,26,81,5,88,79,89,46,53,97,52,40,16,50,92,65,17,61,29,82,77,98,2,78,49,38,4,47,58,68,37,83,100,12,18,33,21,22,59,54,64,10,71,96,90
21,64,31,98,33,11,82,48,38,77,79,28,10,90,41,4,93,53,13,89,18,85,88,26,75,66,42,72,2,95,6,36,100,50,83,86,14,23,40,24,17,54,29,71,61,9,3,60,56,55,8,12,97,78,19,99,27,62,46,91,44,57,58,94,76,47,39,68,74,5,25,15,22,67,30,73,16,32,96,49,34,51,80,65,43,81,69,7,92,35,20,87,45,37,1,70,63,84,59,52
8,100,1,78,51,92,59,62,83,41,68,42,93,9,17,50,67,37,15,25,18,95,6,10,98,72,43,45,87,89,74,16,34,63,90,94,80,39,64,82,71,11,46,55,7,79,47,38,88,96,99,76,32,65,30,31,61,21,27,33,5,73,84,77,40,48,29,56,86,52,44,4,35,2,3,85,22,81,49,97,75,12,23,19,24,14,20,13,54,57,36,91,66,60,53,69,28,70,26,58
8,12,56,17,93,3,6,28,75,59,94,22,27,33,90,14,48,73,62,18,68,38,15,21,80,16,86,89,57,1,79,45,13,63,54,96,72,100,11,40,95,43,66,84,20,32,10,41,52,74,99,30,42,47,49,23,2,44,91,53,98,97,36,70,35,61,51,58,39,88,78,4,77,87,50,7,82,26,60,5,9,37,25,92,65,31,64,19,76,83,55,24,71,67,69,81,85,46,34,29
24,16,73,99,1,38,7,20,35,28,68,30,23,92,67,94,18,55,47,26,44,54,9,45,32,37,40,41,64,97,57,51,96,82,80,52,72,56,21,59,62,100,5,6,84,74,83,78,77,89,10,81,75,86,33,46,27,39,13,87,22,98,36,95,11,65,93,48,69,14,71,50,42,15,90,4,43,76,8,31,19,66,3,49,79,25,29,91,63,17,60,34,70,85,58,2,12,88,53,61
89,36,52,70,74,92,40,68,21,39,66,5,90,100,42,65,77,84,16,85,18,81,17,35,45,56,53,7,51,25,54,58,33,80,57,73,38,94,29,83,75,91,55,10,22,11,20,62,41,87,1,6,82,15,63,61,27,44,88,72,95,86,97,14,43,99,59,60,69,34,13,8,4,31,26,19,93,32,96,71,24,50,79,23,28,30,47,76,64,46,12,98,49,37,78,2,48,9,67,3
63,25,11,30,69,62,15,58,86,73,95,74,68,60,19,99,31,36,32,49,23,26,97,21,33,6,75,47,78,16,51,66,59,28,89,61,13,84,41,70,44,55,88,37,100,91,39,96,81,80,38,83,1,56,77,17,64,12,94,93,71,42,10,46,35,7,5,82,52,24,34,98,14,53,2,20,27,92,48,79,67,4,29,50,87,9,76,18,72,85,22,8,90,3,65,57,40,54,43,45

57,18,83,68,89,50,72,16,11,82,35,74,54,37,79,67,8,30,77,78,75,36,86,21,9,25,23,65,45,55,42,93,47,26,39,31,7,88,85,20,27,91,62,28,61,1,24,64,94,96,73,81,71,29,87,43,13,98,63,12,22,34,48,49,10,19,4,46,41,52,2,59,32,40,99,90,70,76,92,80,44,38,53,56,60,6,14,15,51,33,84,97,58,3,17,95,100,5,66,69
72,41,58,38,82,86,29,87,50,56,68,16,8,78,40,96,36,57,22,67,28,17,94,91,13,62,34,55,21,99,85,6,20,1,88,45,77,83,93,51,69,15,33,49,97,32,60,63,47,23,12,42,39,4,5,80,10,76,95,73,61,2,48,53,3,98,65,31,52,75,66,74,64,35,7,9,19,70,30,46,11,43,24,25,18,79,84,14,44,89,37,71,26,92,54,90,81,27,59,100
18,13,98,70,51,54,85,4,58,77,53,82,14,91,90,41,69,62,64,83,31,67,87,2,33,93,30,32,65,86,60,95,84,81,24,80,44,76,21,15,22,35,89,23,1,43,38,47,61,17,46,6,29,57,63,94,27,88,50,36,49,20,72,16,19,48,56,39,42,28,37,73,92,55,9,59,8,10,52,5,34,45,66,68,74,79,12,25,99,40,71,7,11,26,100,96,75,78,3,97
2,89,50,53,62,47,70,12,11,82,72,16,32,61,63,79,90,20,65,8,35,86,67,94,83,93,13,33,80,78,22,41,74,36,4,34,19,85,73,5,77,1,55,71,57,69,92,100,87,52,21,58,88,44,10,29,46,81,17,14,25,7,95,98,64,54,59,96,51,18,24,42,3,28,84,91,40,66,97,68,9,23,43,56,49,48,45,60,76,75,38,99,31,30,27,37,26,15,6,39
66,59,90,8,94,13,86,72,36,40,31,89,27,5,16,11,74,80,22,15,23,58,26,51,61,77,35,37,3,12,9,82,99,18,56,69,81,21,84,30,20,46,53,52,54,44,60,85,64,92,68,19,7,96,88,97,79,76,62,45,4,93,73,32,28,95,14,39,2,6,100,10,33,29,41,98,70,55,1,17,43,48,87,83,91,47,38,50,63,25,42,75,57,24,65,49,71,34,78,67
77,8,21,39,64,81,17,1,54,59,69,93,10,9,24,36,5,62,100,18,40,94,19,83,82,43,89,96,73,29,15,92,78,65,76,4,60,22,99,30,44,13,28,33,85,23,31,35,11,67,61,51,98,20,6,71,2,75,68,42,55,25,41,86,27,87,80,12,14,7,49,47,95,90,84,3,72,52,46,37,56,50,32,91,53,66,74,45,16,88,58,79,26,70,57,38,48,97,34,63
90,18,28,97,65,42,27,75,19,98,53,11,72,69,73,20,89,82,52,70,30,47,91,2,79,93,57,23,48,16,83,84,33,87,71,32,43,88,100,14,46,78,56,50,21,68,86,29,64,74,15,41,77,45,44,7,81,17,4,25,62,3,67,8,99,51,12,37,49,96,76,59,80,24,92,38,34,9,1,58,13,63,85,54,31,60,61,36,6,22,10,5,39,35,26,40,94,55,95,66
57,16,64,84,92,65,39,72,83,80,19,69,58,61,66,3,85,87,14,30,27,81,47,82,98,9,43,34,7,79,6,71,26,52,17,40,1,25,12,29,42,75,95,99,11,24,13,63,60,22,73,59,70,54,74,2,97,41,15,4,45,5,31,100,89,28,32,62,78,46,56,55,76,20,37,36,53,23,10,33,86,67,44,88,8,51,94,96,91,21,48,38,35,50,77,68,93,90,18,49
27,20,95,11,50,5,70,59,52,92,83,97,45,71,67,9,13,26,68,57,16,91,36,93,100,2,94,21,44,55,86,96,37,38,49,15,77,81,18,6,30,35,39,80,1,54,85,22,7,90,79,74,87,3,72,61,19,8,46,14,17,10,56,51,65,58,76,73,89,42,64,60,88,78,31,25,99,98,33,63,40,29,4,47,41,62,69,66,75,53,43,12,32,84,48,23,34,82,28,24
89,80,51,57,54,95,86,41,90,14,52,67,25,9,40,81,23,53,83,6,20,32,59,46,75,60,37,28,63,42,39,71,34,91,49,21,47,66,58,50,56,36,92,82,98,3,84,10,15,26,78,55,100,44,35,94,65,99,96,31,22,17,5,33,88,38,97,12,8,70,4,79,74,73,72,7,27,61,77,43,45,19,64,24,76,13,85,2,30,48,87,68,69,93,1,18,62,16,11,29
26,47,86,82,75,79,7,98,67,3,34,48,44,19,52,78,30,32,40,91,20,8,94,4,59,29,71,74,64,68,46,21,56,11,63,95,28,50,66,2,88,39,17,38,96,16,77,36,12,41,14,33,93,81,99,73,42,72,1,53,60,54,65,84,62,25,13,83,61,24,55,18,89,49,69,22,43,35,80,5,58,76,37,51,100,92,90,27,23,9,57,85,15,87,70,31,97,45,10,6
69,6,15,23,1,36,96,84,14,59,29,5,43,60,93,62,34,92,97,95,99,39,75,25,37,40,71,48,74,77,76,50,51,88,33,63,12,45,28,46,52,11,94,35,78,81,64,27,82,16,70,83,85,49,26,53,79,10,98,44,54,7,22,67,90,80,38,55,58,20,21,42,66,8,19,65,100,2,32,24,91,30,61,41,17,87,4,57,31,56,89,47,3,18,73,72,13,68,9,86
8,72,48,96,29,5,33,15,47,25,43,94,89,67,10,88,68,92,83,26,20,28,62,79,54,66,65,49,41,9,4,82,2,6,39,46,57,56,81,75,85,45,11,58,69,22,91,100,64,34,38,52,14,17,35,93,19,37,90,71,55,40,99,3,70,86,51,95,13,24,27,77,42,98,32,7,16,78,36,87,74,53,61,76,59,21,1,44,30,63,18,97,73,23,80,12,84,31,60,50
19,37,83,9,73,17,32,87,10,78,46,67,94,88,57,26,68,99,49,59,62,20,23,86,45,54,64,53,70,80,75,61,33,5,48,90,55,96,29,30,36,12,31,72,98,82,22,8,2,69,43,66,74,77,11,65,28,47,18,3,35,79,15,91,1,93,16,52,39,95,84,34,44,42,27,24,21,51,40,13,60,50,25,58,6,4,92,38,41,81,85,89,71,100,76,7,63,14,97,56
76,87,52,79,42,24,57,44,51,27,25,8,30,45,36,73,4,46,7,22,14,98,29,77,35,64,49,60,97,92,16,23,38,78,99,32,83,5,66,13,12,6,3,41,53,1,26,90,94,34,10,89,40,85,48,67,95,15,61,55,56,72,75,54,88,28,17,11,82,84,70,71,74,2,63,18,21,86,31,80,19,81,47,39,37,68,58,9,59,69,91,62,65,96,43,100,50,93,33,20
63,6,66,50,55,5,71,75,26,8,39,1,99,74,35,65,54,44,76,87,23,34,33,24,57,62,93,72,85,81,2,97,28,80,95,21,30,89,53,29,70,69,18,12,19,59,41,15,38,46,4,7,45,67,56,3,82,52,96,31,47,17,51,91,36,90,20,83,68,100,79,78,14,13,73,42,60,48,84,22,49,25,61,77,88,86,40,16,32,94,98,9,27,64,10,37,92,11,43,58
5,4,3,79,12,31,24,34,87,60,47,80,42,32,61,16,67,90,43,45,44,63,52,15,98,48,7,85,49,83,56,58,11,25,30,17,92,10,91,57,35,74,2,75,33,8,27,59,53,38,50,22,68,55,13,37,51,23,71,72,64,77,99,41,21,70,78,89,14,86,82,88,62,29,94,93,84,100,6,26,18,54,28,36,69,81,9,65,76,20,39,40,19,1,95,96,46,97,73,66
82,8,97,54,40,21,83,11,100,84,55,10,32,73,64,85,36,31,42,20,57,17,41,96,88,98,79,87,68,26,76,72,28,29,45,34,80,6,52,1,89,71,77,23,62,33,50,66,14,38,30,70,58,56,61,60,22,2,99,3,93,95,24,92,19,75,78,5,13,18,53,7,86,90,47,67,12,16,9,4,63,69,74,44,48,49,35,15,37,27,65,91,46,81,94,25,51,43,59,39
73,43,8,36,92,42,84,97,16,81,17,76,66,21,83,70,38,98,56,2,37,39,53,61,94,71,52,35,19,91,45,79,86,33,50,31,9,24,30,44,96,15,10,4,63,14,82,12,59,22,88,49,47,74,25,13,20,23,65,34,1,67,40,68,58,3,46,99,80,54,51,26,95,60,27,7,11,89,62,77,41,48,90,72,57,69,28,75,64,6,32,55,5,78,93,29,100,85,18,87
91,31,16,81,97,98,71,5,29,13,41,19,14,75,55,68,27,38,92,76,66,65,61,85,54,95,3,84,69,83,36,82,94,99,49,93,7,4,78,52,72,57,8,42,86,59,24,67,6,11,77,30,79,60,15,89,2,21,26,73,48,51,10,47,62,22,40,53,50,45,17,35,96,37,44,64,90,58,39,70,18,20,1,80,63,34,100,28,9,25,23,12,88,87,56,46,32,33,43,74
65,73,99,30,96,94,89,80,86,69,23,64,7,25,1,54,98,29,42,57,87,43,13,75,27,50,59,52,88,78,45,74,46,61,21,77,58,62,18,97,11,37,48,51,10,68,66,67,31,100,28,71,9,60,83,40,20,34,33,82,55,19,44,81,53,5,70,93,39,47,22,85,3,14,4,24,63,32,15,6,90,41,36,91,92,95,35,56,84,2,38,79,12,17,26,72,16,76,49,8
18,59,76,100,38,26,42,88,5,68,16,46,73,22,48,75,67,87,96,51,90,86,80,95,25,15,92,12,32,10,78,61,7,70,84,72,41,45,60,24,13,94,6,52,34,40,33,97,3,14,98,27,81,85,1,28,55,9,20,49,93,54,69,58,82,64,11,62,39,74,43,63,71,2,65,66,56,30,83,47,8,77,99,17,57,29,79,91,53,23,31,36,35,21,37,19,89,44,4,50
30,54,27,96,74,39,79,89,11,34,1,59,10,46,35,23,20,33,12,55,45,6,78,16,36,87,13,86,37,19,17,75,60,9,98,21,15,70,91,83,51,68,94,8,53,69,43,72,56,49,66,50,7,85,22,100,65,40,88,71,38,3,24,64,44,80,76,31,93,67,82,28,58,99,57,41,81,25,29,18,2,32,95,14,73,61,97,62,4,84,52,47,90,26,92,77,42,48,63,5
6,54,79,34,72,22,67,33,56,42,81,60,49,30,24,39,32,69,65,55,83,89,94,74,43,11,64,85,66,18,100,88,52,93,14,13,70,92,19,36,80,77,29,21,99,15,62,38,46,44,12,3,47,23,9,50,87,63,53,61,4,31,76,73,75,95,84,51,7,35,68,17,90,96,45,27,86,25,20,71,26,57,1,16,10,8,91,82,28,97,48,41,98,40,2,78,37,5,58,59
68,52,50,69,55,12,13,46,7,67,31,33,65,77,62,20,38,41,98,95,78,1,54,17,30,5,49,34,6,8,29,42,47,64,15,86,76,57,74,9,59,32,23,36,3,25,89,56,19,21,44,79,16,53,73,4,70,10,81,51,43,27,83,35,60,2,28,87,45,100,61,75,22,24,85,99,63,84,97,14,39,90,80,88,94,71,66,11,72,58,96,40,82,18,48,91,26,92,93,37
91,51,68,82,97,60,39,72,87,61,5,28,36,74,85,9,99,64,89,14,38,71,37,6,73,52,100,94,59,10,92,44,79,93,43,84,26,96,67,56,16,47,41,29,12,53,86,7,55,27,34,31,45,42,95,23,32,48,20,50,70,4,63,77,65,90,54,81,88,11,49,35,22,3,78,1,15,75,25,2,40,76,21,69,62,58,46,66,8,57,13,18,19,83,17,80,30,33,24,98
34,20,95,3,79,21,5,78,48,38,67,4,53,100,72,87,70,32,17,7,57,11,98,28,29,61,81,58,82,71,97,83,6,15,85,18,10,63,22,92,91,42,26,23,86,73,54,51,25,59,43,39,84,94,14,12,30,77,19,49,56,9,46,66,8,80,47,64,41,35,16,2,89,36,44,96,74,52,40,13,68,33,75,24,93,69,50,60,45,76,88,37,99,1,31,62,55,27,65,90
91,7,1,64,66,46,67,96,23,95,21,84,42,94,32,68,79,3,14,82,76,74,24,62,22,100,11,58,50,78,57,69,17,65,51,89,20,60,28,97,44,56,18,35,29,41,86,48,92,19,71,88,8,2,59,37,54,43,16,40,49,27,81,39,85,63,87,75,31,73,99,33,6,72,34,25,26,47,38,36,77,5,61,30,90,10,45,55,4,9,93,83,13,12,80,70,53,52,15,98
80,55,14,38,1,84,26,27,62,6,18,17,29,23,78,30,81,47,93,73,83,75,11,44,79,96,37,25,34,4,86,3,36,100,32,16,19,57,39,69,77,61,98,90,8,71,65,49,31,50,33,35,60,99,10,58,42,67,97,63,54,12,52,59,89,76,91,94,46,68,13,53,9,64,66,85,5,40,92,87,41,45,48,72,21,74,20,51,15,88,22,2,28,43,24,95,56,82,7,70
38,96,11,78,70,61,66,30,51,97,48,53,89,50,1,56,80,12,75,19,99,31,25,77,32,74,95,64,13,65,27,15,41,69,84,36,2,39,37,54,34,4,29,73,60,86,94,43,58,3,14,24,90,35,47,6,85,83,63,5,9,82,8,23,17,7,81,52,16,67,46,71,20,55,18,92,59,21,44,49,100,79,87,26,93,98,28,22,91,42,57,33,62,45,10,68,76,40,72,88
29,10,18,52,97,47,51,83,32,12,95,28,75,38,35,14,6,69,3,31,33,68,90,15,11,58,76,60,92,1,19,36,37,8,40,89,86,70,25,53,99,34,41,21,7,13,22,57,50,45,9,61,17,100,96,49,63,85,26,71,2,65,91,78,59,4,64,67,30,93,24,42,88,79,48,62,16,82,27,66,23,72,56,55,43,46,5,74,44,54,81,84,80,87,94,39,73,98,77,20
86,22,39,14,36,98,69,27,32,56,48,20,47,96,88,30,63,100,95,41,64,99,97,10,52,7,61,2,77,42,91,29,31,38,6,23,24,13,25,66,11,46,79,83,57,59,40,71,50,3,55,74,85,62,87,89,44,80,35,8,34,54,94,68,37,53,51,73,4,82,15,58,49,76,12,78,19,70,45,43,1,60,81,9,33,92,65,90,5,84,67,18,26,75,17,21,72,16,28,93
79,5,27,94,70,18,4,20,67,39,29,40,50,74,56,28,32,80,87,62,99,51,85,63,42,21,86,14,54,100,22,77,71,13,46,17,43,59,88,49,37,95,38,64,33,69,90,23,12,53,78,93,9,7,73,44,19,75,65,30,66,45,83,24,98,92,76,60,25,58,47,91,11,3,82,84,6,2,97,26,41,35,16,81,1,68,55,52,15,34,57,8,61,89,31,48,72,96,10,36
66,77,39,13,73,100,20,86,78,22,43,12,99,41,14,74,19,70,75,60,1,6,35,34,38,52,30,45,29,8,49,61,5,9,51,82,83,15,81,32,62,21,46,57,56,53,88,33,71,92,89,95,97,26,58,76,90,28,54,55,18,37,10,64,40,91,23,2,25,31,93,87,96,44,17,94,63,48,69,67,68,47,72,59,50,16,85,80,7,84,98,42,3,65,4,24,11,36,79,27
67,78,44,79,42,46,64,97,34,25,28,43,93,66,38,12,30,84,82,45,56,88,20,100,68,2,59,7,49,4,95,36,90,69,99,54,23,39,10,24,8,35,51,76,1,29,48,21,18,70,37,65,13,17,75,74,58,40,60,63,14,22,83,71,41,87,27,19,80,98,9,77,53,15,92,32,47,81,96,6,94,16,72,11,5,50,31,57,3,26,91,52,85,55,73,86,89,61,62,33
8,5,97,61,28,62,31,47,17,55,25,16,38,21,10,11,59,9,43,26,7,84,4,76,13,19,23,44,34,90,54,14,68,72,40,65,30,89,35,88,18,51,81,15,64,71,100,52,37,77,41,66,79,83,39,53,75,80,49,74,36,24,42,48,50,82,57,91,22,56,32,45,29,99,95,85,60,94,6,2,46,63,12,87,92,69,86,93,96,20,98,33,58,3,1,78,27,67,73,70
53,56,16,26,39,44,79,90,57,30,84,40,70,72,34,5,83,21,48,100,41,77,13,20,27,2,32,47,74,85,99,76,4,17,38,67,91,61,29,49,95,86,23,37,55,92,96,10,60,88,58,81,78,7,14,89,68,75,1,31,42,3,66,73,36,59,24,19,64,45,97,6,12,18,98,43,51,54,9,69,22,93,35,46,80,65,62,52,33,15,94,82,87,25,28,8,63,11,50,71
70,61,3,95,93,91,21,63,65,80,11,82,29,85,14,97,59,83,60,73,22,23,5,81,72,39,10,2,50,76,16,9,46,44,27,74,33,18,34,99,37,54,48,8,69,96,71,42,78,38,19,86,88,20,94,24,68,77,1,79,13,25,40,12,100,32,4,62,84,90,53,52,57,30,17,92,41,58,75,7,45,31,28,56,66,87,43,98,89,49,55,6,26,51,35,15,36,47,64,67
53,16,69,65,42,41,63,98,89,11,61,78,6,13,5,9,19,84,55,12,44,22,3,33,85,21,4,26,87,80,52,14,57,58,36,97,37,91,23,60,2,83,71,34,15,76,93,64,20,77,66,68,10,82,67,29,56,49,8,74,62,54,31,43,7,99,25,59,30,24,38,73,1,51,90,81,92,48,50,75,47,45,32,17,27,46,88,94,86,70,35,39,96,95,72,18,79,28,40,100
12,91,98,67,16,8,90,11,32,71,10,81,18,37,48,34,54,39,42,78,93,84,55,61,4,31,1,43,97,5,72,53,85,83,58,25,27,7,59,52,64,74,56,100,95,70,3,63,79,57,9,13,82,66,92,45,6,35,77,30,69,36,17,46,22,76,33,94,73,23,14,65,80,50,60,28,99,51,26,49,75,21,15,24,68,96,20,40,41,44,2,62,88,89,38,29,47,87,86,19
24,2,3,31,85,96,61,47,82,79,14,10,87,48,83,38,34,73,20,8,12,37,74,64,90,62,13,30,57,95,4,100,6,21,81,9,7,25,68,5,75,50,29,80,89,45,46,70,40,88,22,15,17,58,94,59,41,32,54,60,36,11,69,39,76,72,93,65,43,78,35,1,51,77,19,71,55,67,63,53,26,44,99,56,97,52,86,49,84,28,98,27,92,18,33,91,42,66,16,23
7,34,63,15,61,33,62,9,70,56,39,25,66,2,32,14,49,77,72,35,37,76,83,41,95,16,48,20,90,40,44,47,45,50,53,4,31,52,100,84,85,87,38,29,86,22,43,8,42,80,91,28,6,24,13,26,88,18,73,60,78,96,89,71,12,27,23,81,75,82,17,54,5,67,64,51,98,92,57,94,36,30,69,97,10,74,93,58,46,65,68,99,1,11,19,21,3,55,59,79
65,56,98,53,27,15,23,47,33,76,54,19,100,60,36,82,24,6,61,89,9,18,77,31,8,43,96,95,91,85,13,97,29,66,4,40,59,50,72,81,37,90,16,62,94,92,87,84,7,69,80,51,71,17,1,55,10,63,34,35,14,64,86,49,38,20,44,26,52,45,12,75,67,46,11,57,3,39,83,78,58,25,22,88,30,21,41,48,68,42,79,32,5,74,93,99,73,28,70,2
77,97,12,20,2,23,82,36,69,42,54,75,30,14,79,51,28,62,85,17,96,3,16,98,87,5,15,86,24,91,92,58,50,55,93,49,71,45,70,13,60,6,26,56,68,27,34,95,99,43,9,7,40,38,65,19,80,4,78,67,57,47,18,76,33,48,100,73,44,10,59,52,29,83,61,11,21,22,88,84,35,53,64,32,81,31,41,1,63,89,94,74,37,66,39,46,72,25,90,8
35,61,92,89,2,10,66,85,88,79,24,23,63,93,74,58,44,21,53,57,36,82,100,87,83,56,76,4,71,84,64,11,20,38,81,18,43,40,30,48,34,29,49,86,14,6,65,37,51,62,98,80,95,27,70,77,19,52,5,90,67,72,59,94,50,45,54,46,3,68,69,73,15,32,42,31,16,28,39,91,22,13,25,96,78,99,97,17,55,47,7,8,75,41,9,12,60,1,33,26
52,45,78,25,85,72,22,96,4,61,63,34,44,33,84,16,37,99,14,68,13,73,82,88,42,48,28,21,10,74,80,32,29,89,79,57,98,47,19,50,2,95,46,66,24,1,27,17,71,53,65,69,39,58,40,3,31,83,56,12,8,49,93,67,90,87,6,18,26,43,7,9,35,54,86,92,23,41,75,51,81,64,60,76,30,94,15,70,5,11,62,77,97,38,91,20,36,100,55,59
82,15,86,60,67,3,84,33,78,57,50,90,91,5,96,8,1,12,25,76,53,83,30,100,22,69,51,40,7,95,31,98,18,70,93,74,73,11,94,80,2,13,42,87,43,20,28,46,65,64,97,79,58,81,66,47,61,52,59,48,49,54,24,56,55,26,34,63,14,19,71,88,36,27,39,10,21,35,23,75,44,17,37,9,6,77,29,85,32,99,89,41,72,62,16,45,4,92,38,68
37,62,15,53,60,93,21,90,76,81,74,40,30,88,9,57,13,28,56,99,43,94,78,27,22,59,77,75,24,66,14,69,70,80,41,58,63,7,10,71,65,45,50,11,79,16,52,3,33,39,44,48,55,35,6,4,5,49,86,25,47,38,17,61,83,8,68,34,1,46,96,19,95,36,23,29,91,72,87,67,54,42,92,97,20,100,12,98,82,26,2,32,84,51,18,73,89,85,64,31
76,99,84,1,2,81,25,32,31,65,38,72,63,9,94,45,3,53,86,14,46,18,39,60,29,16,97,24,87,21,62,77,11,15,12,92,75,68,48,10,67,4,69,49,59,71,30,5,37,74,27,42,61,26,66,90,52,20,8,35,85,17,96,23,79,98,55,13,82,91,34,28,70,88,36,89,7,33,93,22,57,40,41,73,43,19,100,80,83,50,44,47,58,51,78,64,6,56,54,95
51,4,18,33,98,16,81,35,10,11,27,22,67,14,39,26,12,37,77,49,59,31,53,99,2,32,68,65,41,48,6,92,57,64,19,30,13,85,60,62,38,69,50,44,94,78,20,17,79,72,91,34,28,43,3,46,40,45,52,7,73,9,23,86,55,97,66,8,1,21,24,63,54,83,93,89,25,84,29,96,36,88,5,71,61,74,87,15,47,58,80,70,75,56,95,90,100,82,42,76
5,80,20,82,47,36,87,35,62,26,48,58,27,30,64,1,54,46,37,90,93,71,75,41,86,15,34,42,29,39,51,76,98,83,12,22,13,45,74,4,32,21,3,9,43,73,16,44,31,40,95,2,18,56,67,59,14,25,57,60,19,96,92,100,70,69,89,28,38,17,99,68,63,91,79,97,61,11,85,53,23,94,7,77,65,50,55,88,8,6,72,10,33,81,84,52,66,24,78,49
66,31,42,39,67,10,33,44,88,97,47,87,3,79,21,94,48,37,64,14,69,56,19,32,80,54,20,22,50,26,57,49,78,65,82,77,63,25,70,12,59,1,89,27,24,30,51,18,28,17,73,46,40,72,76,52,62,29,23,34,100,43,9,36,58,96,75,61,15,83,11,92,99,8,81,53,5,55,45,41,2,91,35,74,6,7,85,95,84,98,60,71,90,93,16,13,68,4,38,86
46,42,13,78,93,26,92,89,56,36,64,68,83,54,2,11,81,31,76,15,5,87,96,10,17,48,84,59,58,29,98,38,71,1,49,61,97,33,8,90,30,20,16,52,80,41,57,43,70,19,99,3,45,21,24,77,85,44,12,35,63,40,82,75,9,39,69,88,91,27,14,60,50,7,32,23,74,22,86,37,79,65,95,34,4,47,67,6,55,100,18,25,94,66,53,73,72,62,51,28
12,26,62,55,83,90,45,39,49,29,14,23,24,58,76,57,6,50,40,63,17,60,48,9,69,80,61,96,38,10,33,41,98,16,94,75,27,47,97,2,18,25,59,82,68,88,8,15,65,79,66,4,70,31,51,56,32,19,22,43,21,86,36,72,89,42,91,11,77,54,67,99,52,85,44,95,87,71,100,73,74,92,7,46,13,78,64,35,93,20,34,3,81,84,28,37,30,1,53,5
24,76,16,85,75,100,19,66,71,61,17,22,57,9,44,90,15,21,88,97,96,69,89,72,77,52,99,79,74,32,7,56,95,87,65,10,70,12,37,2,51,80,11,62,60,14,86,50,64,25,98,78,1,33,58,30,8,38,83,48,34,43,67,36,82,84,29,20,47,42,46,39,23,93,6,3,59,35,4,53,55,92,91,68,40,49,73,54,45,28,63,94,13,26,27,18,81,31,5,41
28,94,86,29,2,79,45,81,98,11,18,72,37,25,70,44,31,7,19,66,5,67,77,38,43,69,8,21,6,82,62,65,63,35,26,15,1,23,99,56,61,89,73,88,96,80,3,13,60,48,14,49,53,68,84,58,16,97,41,71,9,20,54,12,47,4,40,78,50,10,95,64,33,91,90,24,22,87,42,51,92,85,32,93,75,34,52,55,27,83,57,39,100,30,36,59,17,76,74,46
58,92,65,84,32,51,93,46,69,89,42,12,21,49,85,43,77,78,44,45,28,55,100,40,66,24,33,76,52,30,50,96,4,71,74,11,81,90,41,62,6,10,72,94,15,2,47,19,59,61,56,86,16,68,9,54,3,7,48,26,37,39,25,29,88,14,67,17,97,82,73,53,95,22,27,23,1,70,87,31,99,60,83,63,38,20,98,75,34,36,35,57,5,79,8,13,18,64,80,91
28,21,70,44,68,58,5,99,39,23,87,91,18,74,84,6,34,76,62,36,12,63,67,31,32,20,17,60,46,97,81,49,71,66,96,86,61,22,54,3,43,85,57,42,52,78,19,38,93,47,27,41,64,29,55,88,15,35,50,1,94,14,37,90,2,48,30,11,92,83,26,13,95,24,33,59,72,98,10,40,4,56,73,89,79,100,65,69,77,7,75,8,51,25,80,9,53,45,82,16
98,19,95,7,23,93,99,8,49,96,88,34,80,38,83,84,33,90,58,25,5,14,94,10,100,3,48,15,35,78,29,62,6,75,51,11,66,82,55,68,12,91,30,76,97,92,54,77,56,22,71,86,9,53,21,2,50,46,64,1,69,20,37,24,70,42,60,26,31,39,4,89,74,16,27,43,17,57,85,59,18,87,67,47,40,45,44,81,13,32,79,65,28,52,41,72,63,36,73,61
47,83,14,84,69,32,57,78,51,42,73,68,61,80,66,17,91,81,22,53,23,37,52,70,97,7,67,90,9,8,48,100,74,79,85,56,44,20,15,82,50,12,43,3,88,25,21,54,27,6,24,72,55,99,19,40,98,46,26,49,1,28,35,39,89,33,63,75,64,65,59,30,38,71,76,87,93,36,18,2,10,58,94,31,29,96,45,4,16,11,95,86,41,13,62,77,60,5,92,34
56,37,6,9,57,74,54,67,99,16,76,71,11,91,65,3,5,83,53,93,32,38,19,80,4,41,82,22,63,43,46,98,25,2,59,95,42,44,51,10,77,58,79,33,1,86,89,30,70,14,68,15,29,7,23,90,49,97,20,8,27,84,96,88,75,92,78,87,26,52,69,40,13,64,35,21,47,85,73,72,28,94,100,81,66,55,34,24,18,50,31,17,62,60,12,45,48,61,39,36
39,77,30,26,42,96,27,38,21,62,47,98,43,8,58,74,89,6,78,9,68,97,79,23,11,35,51,32,40,67,82,92,53,56,5,55,93,10,44,69,61,76,72,63,18,37,46,7,80,64,83,88,24,41,33,65,85,54,75,57,100,14,1,3,25,59,95,13,45,66,31,71,49,70,73,20,17,34,2,29,81,52,36,4,15,94,12,48,86,87,19,22,90,91,99,60,28,84,16,50
93,24,91,29,79,44,45,7,76,9,72,15,64,39,81,69,10,11,53,6,59,89,35,51,4,68,18,60,100,77,17,2,71,84,47,83,14,31,19,56,66,75,80,50,26,54,36,1,20,85,34,58,92,13,12,43,38,37,49,16,52,82,46,3,65,88,70,55,73,87,95,30,22,86,21,23,28,97,67,27,40,90,74,42,78,61,94,62,57,33,8,48,41,98,99,96,25,32,63,5
59,58,66,89,35,68,21,95,87,75,57,38,74,76,79,70,72,88,20,1,8,73,17,5,41,43,7,29,36,13,27,31,77,100,82,94,2,98,71,39,65,19,53,10,28,6,69,91,99,96,45,83,30,97,25,24,56,80,40,18,11,32,62,9,81,42,46,3,84,23,44,52,78,63,33,48,55,22,60,50,64,4,86,92,12,26,37,93,34,51,61,85,49,16,15,47,67,54,14,90
3,85,52,39,19,34,48,72,62,24,11,58,2,86,20,74,6,8,43,31,40,73,16,83,32,82,77,61,9,54,15,80,90,98,22,91,93,25,38,5,35,89,53,60,41,92,51,18,87,37,27,69,47,66,59,26,100,45,12,10,33,97,14,70,95,56,46,7,96,64,17,76,30,13,65,23,50,44,29,79,28,94,78,42,63,49,67,75,71,1,36,57,84,21,88,68,81,55,99,4
83,81,69,29,56,89,97,93,94,58,52,42,46,15,21,11,99,87,78,18,91,31,33,96,67,13,75,68,80,79,53,85,45,59,82,55,16,8,38,44,25,17,100,22,74,51,72,36,40,9,41,23,90,24,12,57,10,84,65,50,92,6,19,61,7,86,48,95,26,98,27,66,63,70,62,73,32,2,14,3,5,34,4,35,39,49,20,30,47,76,37,54,1,64,43,28,88,71,60,77
80,43,93,86,47,56,15,90,30,42,84,21,97,46,1,100,66,71,11,27,7,83,89,49,78,33,29,34,16,61,75,79,59,58,91,50,70,39,67,17,8,68,69,55,38,53,24,31,37,45,77,51,65,36,28,96,22,9,14,98,87,40,52,4,18,60,82,99,13,44,57,64,6,10,2,62,41,92,54,5,19,95,76,94,23,35,72,32,63,25,48,26,81,74,20,88,73,3,12,85
21,27,81,84,43,41,26,16,33,52,46,11,6,97,74,34,31,28,76,99,88,51,77,86,95,2,32,45,62,7,56,92,83,3,53,8,90,36,1,24,4,87,75,37,44,65,38,54,68,18,19,50,93,82,9,78,63,55,10,69,47,57,66,25,80,29,30,22,67,64,91,94,96,23,73,48,17,72,85,59,5,61,71,49,13,79,42,35,60,70,58,20,39,89,15,12,100,40,98,14
97,78,44,77,52,60,33,6,73,16,20,39,14,54,22,21,93,26,51,41,5,32,31,13,56,90,48,67,71,25,87,69,62,12,65,28,92,15,29,7,96,34,94,66,79,47,55,9,2,11,35,37,91,18,53,43,100,88,75,59,27,10,19,84,64,98,68,3,82,36,50,38,89,4,76,45,81,57,70,1,49,24,42,46,83,72,61,8,17,80,99,86,40,95,58,85,63,23,74,30
94,74,87,70,62,83,99,45,98,29,26,80,77,31,89,9,33,48,6,59,32,8,40,17,66,100,4,79,67,55,96,39,58,43,91,3,78,12,86,28,71,5,24,35,36,97,19,93,51,63,2,57,10,30,49,52,1,95,64,88,16,38,72,54,53,47,23,7,92,18,60,75,65,82,15,21,90,50,41,73,25,44,11,20,56,46,13,42,14,61,68,37,76,84,34,85,27,22,81,69
4,28,58,60,72,2,23,73,100,71,42,9,40,37,97,33,67,5,39,32,90,3,31,96,53,64,63,95,13,19,35,11,91,81,18,86,56,79,34,14,45,65,88,57,27,26,93,47,16,75,41,89,46,48,84,98,15,70,77,25,29,49,66,59,8,24,94,69,83,87,52,55,20,1,7,51,82,36,22,21,12,68,50,76,6,10,74,54,38,17,80,44,30,43,85,92,78,62,61,99
45,73,3,90,21,27,4,87,44,49,62,10,19,58,56,97,51,76,94,85,29,71,61,86,35,59,99,52,34,7,13,25,28,30,50,80,38,39,67,6,5,8,9,91,23,55,1,48,78,60,89,92,17,69,83,43,11,12,96,33,31,2,66,46,20,47,88,37,22,77,32,36,100,64,93,79,70,98,74,68,18,63,53,72,75,95,42,54,65,24,84,41,15,81,57,40,16,82,26,14
11,69,49,96,92,5,80,2,65,62,53,39,26,91,55,14,74,57,12,31,100,22,13,95,90,3,79,37,67,9,98,30,63,94,89,17,47,36,1,50,66,82,43,45,4,75,77,35,16,25,54,40,68,38,70,60,61,99,87,34,56,52,81,24,18,44,28,84,64,86,71,97,19,42,85,10,51,20,7,15,8,72,29,93,73,88,41,78,83,23,58,46,33,6,27,32,48,76,59,21
89,75,56,6,23,71,97,10,11,46,92,83,9,65,91,2,63,84,76,55,73,47,60,70,81,58,90,7,64,44,8,26,88,13,67,22,1,52,48,15,95,49,72,25,66,62,42,57,20,34,5,43,35,12,37,29,100,4,18,61,53,94,87,99,33,14,19,41,45,39,38,98,24,28,82,54,69,68,59,3,86,32,40,21,27,31,96,36,51,93,17,79,78,16,30,77,80,85,74,50
60,87,95,9,41,54,59,65,42,74,63,39,11,40,15,27,97,71,5,79,4,13,14,43,28,6,49,67,12,45,38,82,30,23,58,69,47,19,96,52,66,89,94,18,44,68,1,48,50,55,26,72,36,35,81,80,57,25,61,75,90,10,88,2,8,86,85,3,91,16,17,53,64,83,70,100,78,51,46,84,32,34,73,21,92,37,33,24,29,99,98,7,22,76,31,20,93,77,62,56
15,53,88,85,69,46,24,97,23,77,13,8,28,61,40,58,3,71,55,83,45,42,62,32,95,39,51,44,96,6,50,86,82,35,74,43,87,20,54,19,76,25,90,18,14,65,99,57,7,73,22,1,94,78,36,100,9,64,60,67,16,66,37,5,10,31,52,93,70,89,91,26,4,38,92,75,12,48,98,34,81,56,21,27,47,72,79,2,59,80,41,11,68,84,30,29,33,17,49,63
59,70,74,66,65,76,50,52,39,69,94,31,19,12,49,29,3,51,87,24,92,62,95,34,97,14,82,68,45,13,63,64,90,7,93,30,72,16,54,56,21,79,78,17,38,75,55,15,40,67,61,47,1,37,4,46,25,100,91,35,83,99,80,71,6,85,57,26,27,43,5,98,23,84,60,22,48,77,41,9,81,8,42,36,32,44,96,53,33,28,11,88,86,18,58,73,89,10,20,2
14,81,39,6,19,83,16,47,65,34,59,2,94,17,75,45,63,74,70,31,79,46,86,82,80,60,67,52,62,5,27,21,92,25,8,15,57,93,20,9,96,78,90,28,35,40,3,42,99,32,24,51,71,56,43,76,18,84,26,36,48,38,33,4,66,95,29,11,23,22,64,30,58,1,41,98,77,49,44,72,7,91,37,10,54,73,61,87,12,13,85,89,68,88,50,69,53,97,55,100
90,36,12,17,60,99,40,74,91,53,77,94,68,66,6,59,82,32,73,2,100,42,86,1,93,55,33,83,34,89,56,96,16,81,27,22,97,64,35,4,49,85,51,44,39,95,61,8,26,30,78,63,19,57,31,7,48,54,24,13,72,5,46,21,18,67,15,79,87,50,69,28,47,43,20,58,75,9,98,11,37,23,10,71,29,70,65,80,41,45,84,52,92,76,25,38,62,3,14,88
31,9,80,98,12,58,2,55,96,24,64,29,4,22,86,92,7,66,76,56,41,90,73,20,34,36,35,78,62,30,48,10,60,57,43,18,49,25,71,69,42,32,47,16,50,93,79,3,83,77,21,81,19,74,97,28,5,52,13,59,84,6,38,37,63,94,15,27,75,65,85,87,72,26,91,14,70,88,17,44,33,95,11,53,46,67,39,68,23,99,54,100,51,40,82,1,61,45,89,8
34,27,36,25,44,5,77,14,73,11,70,93,51,17,52,49,6,62,46,16,45,26,84,75,92,32,24,91,83,90,33,81,39,65,8,85,98,18,12,68,13,64,2,1,4,23,97,28,59,66,96,29,37,99,76,54,43,79,30,19,20,7,31,3,87,15,100,47,55,60,42,40,10,63,82,78,86,22,61,67,50,74,41,38,21,80,48,95,72,57,58,89,71,53,94,88,9,56,69,35
59,88,34,16,100,82,7,40,65,22,50,24,89,76,5,81,30,44,56,55,84,45,64,48,32,51,54,58,90,92,95,46,21,13,97,37,9,99,70,79,39,62,1,42,67,57,53,23,31,14,68,12,85,35,71,49,75,25,38,20,78,72,91,43,2,63,52,66,27,94,33,8,77,4,29,87,74,17,11,41,86,19,96,80,73,83,47,98,36,69,61,26,28,10,60,15,93,6,3,18
35,51,6,53,12,58,2,44,43,98,22,89,1,71,88,56,42,86,4,100,10,70,57,81,84,39,5,18,68,34,72,96,55,32,21,27,9,69,17,40,37,80,59,74,75,64,26,85,73,23,94,29,47,83,31,33,13,99,91,24,48,25,76,66,14,15,90,49,87,41,38,62,36,95,30,19,60,97,61,54,79,7,78,46,45,93,52,11,28,8,3,67,82,92,77,20,50,65,63,16
64,93,80,77,68,31,12,60,71,78,84,44,11,4,50,18,5,88,85,92,9,55,48,23,20,47,35,61,39,17,99,14,91,22,66,45,98,95,25,62,16,73,81,90,59,13,37,42,56,57,21,15,19,6,1,65,2,10,46,30,51,75,58,36,38,26,8,86,29,40,53,33,3,27,96,74,34,72,100,82,87,67,43,28,52,54,76,97,89,70,24,69,49,32,79,83,94,41,63,7
83,69,37,12,27,45,17,88,59,55,44,21,78,56,93,22,11,94,30,57,43,41,64,18,5,42,13,99,70,23,49,6,75,68,29,10,63,39,100,98,67,28,34,76,35,3,7,85,47,2,32,65,1,48,38,52,77,33,79,51,9,36,40,19,84,50,81,46,8,25,92,66,80,15,95,97,16,54,72,74,31,58,14,73,61,82,87,24,96,90,20,26,86,91,4,60,71,53,89,62
22,45,34,94,4,77,29,76,44,26,63,54,85,89,30,36,43,24,11,73,42,66,2,23,99,60,49,88,80,87,55,21,32,39,20,95,97,51,46,90,82,78,70,81,71,14,59,12,92,75,31,86,6,98,84,40,15,35,41,56,96,79,13,50,58,7,5,57,8,69,37,91,68,28,83,3,48,65,52,53,72,9,100,19,47,62,18,38,27,61,1,17,16,33,67,64,74,93,25,10
25,82,32,54,19,45,35,14,64,7,15,71,44,38,21,83,79,62,1,36,31,29,10,18,93,87,69,90,41,22,66,61,39,58,74,49,17,16,70,78,24,68,2,55,8,12,75,86,37,94,9,40,59,100,72,57,11,85,43,23,80,60,3,47,30,84,48,20,46,89,56,81,63,4,42,67,97,76,6,92,98,50,34,65,27,33,13,95,99,88,96,26,28,91,52,51,73,53,77,5
63,13,60,28,62,76,22,71,77,89,29,44,15,49,21,34,9,93,82,6,91,68,94,41,95,80,64,90,26,20,4,69,96,36,37,24,86,50,87,17,39,40,78,25,7,55,10,45,48,46,54,3,35,42,88,43,59,32,47,75,92,53,2,52,79,12,70,65,72,18,19,8,11,73,5,81,33,100,85,99,66,31,16,74,83,27,58,56,1,38,84,98,97,61,57,67,23,30,51,14
96,70,2,100,23,73,94,92,58,9,40,91,47,24,25,87,57,48,97,79,16,29,15,5,27,74,83,85,77,45,95,17,62,21,42,44,4,51,52,82,7,90,60,49,65,50,71,56,76,32,86,66,41,54,30,93,26,36,19,64,28,61,31,38,33,6,99,11,22,10,84,34,75,20,78,12,59,53,39,35,98,63,3,81,67,46,8,88,43,72,69,80,55,1,18,68,14,37,13,89
45,23,54,46,96,41,99,73,17,81,69,18,7,76,63,80,44,60,26,93,1,48,15,100,57,56,39,30,95,29,55,70,52,28,21,14,71,40,88,49,72,34,90,85,87,33,68,77,22,47,62,98,9,25,61,50,91,8,53,83,10,27,74,82,67,42,97,13,20,11,3,31,12,78,64,89,59,58,66,65,51,37,5,75,32,24,6,38,86,79,36,4,2,84,43,19,92,35,94,16
84,26,63,100,11,82,92,69,38,7,65,52,67,27,33,90,79,34,98,9,14,56,94,45,41,58,64,70,19,37,35,74,78,75,31,18,15,10,99,81,53,23,8,24,47,66,32,72,55,12,5,80,85,42,87,61,89,21,6,36,16,76,46,25,68,73,2,91,95,50,62,77,29,13,54,96,40,86,57,97,71,1,51,48,83,20,49,39,3,44,4,93,22,30,17,43,28,60,59,88
67,34,97,15,3,98,76,54,84,37,72,81,24,90,88,93,94,100,5,95,9,21,49,13,28,66,14,31,55,23,33,22,56,50,10,19,32,7,16,63,73,11,1,38,18,80,27,41,30,45,58,92,26,59,43,83,89,6,2,4,87,60,53,42,82,64,35,51,62,29,71,12,86,20,57,68,48,8,69,70,96,47,61,46,91,99,75,39,40,44,78,36,77,52,65,17,85,25,74,79
20,65,77,100,12,92,25,89,2,53,52,72,91,58,70,15,55,97,43,13,50,11,90,14,10,4,54,66,80,45,95,44,75,86,28,26,94,34,82,81,27,71,57,22,63,29,56,78,7,32,98,39,85,83,76,38,1,46,79,61,96,93,24,88,59,8,68,64,49,35,73,19,67,62,30,51,9,37,87,5,36,23,69,47,40,84,6,21,48,41,99,17,74,33,3,18,16,60,42,31
33,93,37,97,27,69,98,41,10,50,61,9,48,59,84,79,83,91,16,17,35,8,56,32,88,26,31,80,85,22,36,89,73,74,62,1,12,53,3,57,60,64,47,38,81,45,86,13,77,82,96,44,94,54,49,46,87,39,29,100,99,78,70,11,34,4,30,68,55,72,28,20,67,66,63,23,43,18,58,90,92,42,19,95,21,15,65,5,7,25,40,24,71,2,76,14,51,52,75,6
38,47,1,77,4,13,93,64,9,98,100,96,18,86,23,15,60,56,2,7,76,71,99,41,17,63,43,3,66,67,49,68,88,61,91,45,92,32,11,74,78,85,65,46,26,69,20,36,35,54,42,62,79,83,80,48,24,12,87,51,58,90,40,34,59,95,6,57,33,75,89,14,31,94,82,81,84,55,44,30,50,97,37,29,22,10,39,72,27,25,16,52,73,70,8,21,53,19,28,5
39,58,4,83,95,10,74,73,32,43,9,92,12,70,54,26,61,23,71,82,63,33,68,1,87,97,57,52,29,98,25,88,3,66,50,30,7,17,28,36,2,91,40,42,75,16,27,76,47,21,65,84,72,85,22,5,51,6,34,37,53,69,96,48,19,24,20,18,67,15,14,77,11,56,100,35,64,62,86,44,45,90,41,59,80,78,81,89,60,94,31,55,49,93,38,46,99,8,13,79
42,54,25,68,32,89,74,10,38,53,29,55,62,69,18,79,82,8,26,48,90,97,37,28,94,21,84,56,78,31,34,65,72,88,5,36,60,47,40,35,23,44,41,66,45,91,3,9,16,76,15,7,24,6,12,75,51,30,70,80,49,61,96,2,77,52,81,85,22,64,92,58,20,33,67,50,87,71,13,4,100,14,63,11,95,98,86,1,99,57,83,27,73,17,19,43,59,39,93,46
94,54,38,39,58,62,63,96,60,34,66,15,61,72,53,37,50,95,83,73,10,57,21,51,67,4,6,43,32,20,13,19,41,71,18,8,48,70,49,35,69,88,59,3,23,27,56,74,30,42,79,89,17,65,82,76,7,86,98,33,45,81,68,99,16,46,64,100,5,2,47,92,77,26,90,31,40,29,11,28,84,9,75,36,22,91,14,78,1,97,44,93,87,24,80,25,52,85,12,55
65,46,12,89,7,68,19,84,44,21,92,36,80,35,90,3,70,56,71,82,13,79,54,76,27,22,98,64,83,38,96,9,17,32,99,45,39,72,16,28,34,73,43,88,60,62,5,49,67,1,86,74,30,24,87,59,18,66,31,95,93,48,78,25,33,77,10,40,47,81,8,29,63,52,51,91,14,53,37,42,20,6,69,61,58,50,4,75,97,55,94,15,11,57,23,2,41,85,100,26
70,69,14,78,43,85,58,92,99,6,77,79,27,10,75,46,20,68,16,73,76,7,83,28,4,23,65,31,51,1,89,81,53,41,11,36,12,50,59,34,37,8,88,63,19,74,71,95,72,82,94,93,96,97,87,24,56,39,47,62,5,66,32,15,90,22,49,30,67,61,42,55,86,44,91,48,45,2,64,40,57,26,98,35,60,84,33,100,9,25,54,38,17,3,80,52,29,18,21,13
