30

6,26,17,18,7,23,5,8,30,24,11,28,22,9,20,3,27,14,25,12,2,15,16,29,21,4,1,10,19,13
23,1,2,7,11,10,14,24,19,20,17,13,5,27,12,25,26,16,30,21,29,28,3,8,9,15,22,6,18,4
7,24,5,1,9,27,29,2,19,16,30,20,12,25,22,23,21,26,10,17,15,8,28,3,13,4,6,11,18,14
4,12,20,17,28,1,16,23,5,30,24,10,7,15,29,9,14,3,8,27,26,22,19,13,6,21,18,11,2,25
15,8,6,13,21,30,4,7,22,25,26,19,5,24,3,17,28,11,14,29,9,23,1,12,18,16,20,2,27,10
7,30,22,11,20,18,27,1,19,10,14,8,26,25,28,3,9,24,21,16,5,23,6,4,12,13,17,29,2,15
30,9,28,27,13,1,2,18,25,16,19,20,7,10,29,26,21,8,6,14,5,24,17,11,15,3,23,4,12,22
22,24,9,16,19,23,21,20,12,29,2,25,10,6,8,13,28,4,1,5,17,7,14,3,18,27,11,26,15,30
4,6,1,16,11,25,23,30,2,22,19,26,12,7,29,28,10,17,27,21,3,8,20,13,14,9,15,5,18,24
14,3,30,13,28,29,25,19,24,8,20,21,27,16,6,1,17,22,11,4,10,2,12,18,5,15,26,23,9,7
23,6,10,20,28,9,16,24,1,25,18,7,13,5,2,30,21,4,17,22,15,19,14,27,12,11,3,26,8,29
13,9,17,27,20,1,15,18,11,21,3,26,19,4,24,2,8,25,14,28,29,22,30,5,23,16,10,7,12,6
4,23,2,25,7,10,24,12,22,9,19,30,26,15,5,18,14,17,28,1,20,3,27,16,6,11,13,29,8,21
6,11,12,27,19,26,2,20,10,14,4,9,8,5,18,28,13,29,17,25,1,21,3,22,30,23,15,7,24,16
21,27,28,20,29,18,17,7,19,23,1,8,3,10,9,30,2,6,25,12,14,11,5,26,16,15,24,4,13,22
5,1,3,10,22,21,12,24,6,2,26,16,4,28,17,19,14,29,25,27,30,18,20,13,23,11,7,8,9,15
26,5,29,11,10,18,15,17,20,27,8,25,19,28,3,14,30,12,9,2,1,21,24,7,6,4,13,22,23,16
3,24,2,22,26,29,28,7,23,4,17,9,30,6,5,10,20,13,8,27,15,16,19,12,1,11,25,21,18,14
1,22,5,14,2,16,27,20,24,30,15,4,6,11,3,10,23,21,18,7,9,13,19,28,26,29,8,17,12,25
15,14,3,23,21,12,13,28,16,20,25,18,19,8,22,11,7,26,10,6,5,4,2,29,17,30,9,24,1,27
10,17,16,20,5,7,12,8,30,28,3,19,9,13,23,25,18,14,29,2,24,6,15,1,4,11,26,22,27,21
1,4,9,14,3,19,6,12,15,10,13,29,5,30,20,26,17,28,18,8,2,24,11,7,16,23,22,21,27,25
16,11,22,15,21,26,17,8,29,23,5,27,12,28,3,24,19,9,13,6,1,18,25,30,10,2,4,20,7,14
11,18,4,9,15,8,3,1,24,22,27,5,7,30,13,14,17,23,2,26,29,20,12,6,21,28,25,19,10,16
25,12,21,2,30,16,5,13,3,6,24,19,29,28,14,27,4,1,20,15,18,11,22,7,9,10,8,17,26,23
12,28,7,22,26,11,8,27,1,10,6,20,24,4,21,19,23,30,15,17,18,13,29,5,3,16,2,25,9,14
26,11,1,8,13,10,29,25,27,18,17,19,30,4,23,6,9,5,2,14,16,20,21,24,15,28,12,7,22,3
6,29,1,11,7,19,30,20,17,5,16,22,10,18,25,12,4,2,8,9,27,15,28,23,3,13,26,21,14,24
2,14,8,11,21,9,25,20,1,23,22,30,27,16,7,5,24,17,15,3,10,6,13,12,18,26,29,28,4,19
16,22,8,27,14,19,23,12,26,30,2,18,1,11,29,6,15,7,9,13,5,21,3,28,17,25,20,4,10,24

2,1,22,29,28,25,4,27,6,11,9,16,21,30,26,8,13,12,10,18,5,24,15,14,17,3,7,20,19,23
25,24,15,21,4,8,6,16,17,28,18,7,20,10,11,2,29,19,27,14,3,30,5,26,23,12,1,13,22,9
19,1,7,23,16,18,14,2,15,26,12,4,3,21,24,30,9,6,17,13,22,20,8,11,28,25,29,27,5,10
7,9,10,2,15,19,28,3,25,24,16,20,23,18,6,22,5,13,29,1,30,4,26,21,11,27,12,17,14,8
23,25,14,13,29,21,9,11,4,30,15,20,24,16,7,27,10,28,6,8,17,19,22,5,26,3,1,12,18,2
17,16,11,5,19,24,8,29,23,26,2,6,30,7,12,9,21,28,14,10,25,22,13,1,3,18,20,15,27,4
10,11,5,15,6,25,23,1,20,7,29,8,16,19,24,2,26,21,3,30,17,4,18,22,27,13,14,12,28,9
18,22,23,27,21,8,15,16,24,10,5,2,9,28,14,3,26,4,12,17,13,29,1,25,11,30,20,6,19,7
4,18,17,21,6,13,11,3,16,2,26,10,23,12,27,20,8,28,24,19,29,14,25,22,9,15,5,1,30,7
17,8,14,3,13,16,22,23,30,4,29,7,18,21,15,12,26,19,2,6,27,24,10,20,5,1,11,9,28,25
22,24,16,30,29,10,11,4,1,17,9,5,15,28,2,21,26,18,8,14,20,13,12,23,19,6,3,27,7,25
21,15,18,20,12,23,8,26,30,6,4,2,17,1,10,16,28,9,25,27,3,11,5,14,22,19,13,24,7,29
10,14,12,3,27,16,25,7,9,5,1,8,2,11,23,17,26,28,15,21,19,29,13,18,20,4,22,6,30,24
20,14,26,27,9,22,8,16,1,15,23,2,6,12,30,13,24,11,19,7,25,3,21,28,10,5,17,29,18,4
12,25,7,17,20,11,30,29,14,15,1,6,16,19,23,28,2,26,22,8,4,3,5,21,13,10,9,18,27,24
6,11,26,8,18,30,9,21,28,12,3,10,27,24,13,23,4,7,1,14,19,20,25,16,17,2,5,15,22,29
21,30,2,8,26,23,14,22,3,29,11,12,13,10,25,27,28,5,20,17,9,15,19,7,1,18,4,6,24,16
13,9,25,5,28,30,22,17,11,14,26,3,27,19,12,21,24,7,4,23,16,29,6,15,20,1,18,10,8,2
22,8,30,14,4,26,5,21,9,29,20,11,15,2,27,7,6,10,23,28,18,19,1,12,25,13,3,16,24,17
19,16,26,12,14,22,7,24,23,5,21,13,4,29,2,1,28,10,30,9,6,20,17,25,18,11,3,15,8,27
13,4,23,22,3,2,25,16,21,30,5,15,12,10,8,7,27,24,19,18,11,28,14,20,17,29,26,6,1,9
6,13,18,7,25,29,24,16,12,2,5,4,30,26,1,15,14,11,19,10,3,17,27,21,8,9,28,23,22,20
2,4,14,8,9,17,18,1,13,30,12,15,22,6,26,21,11,29,3,10,24,28,25,20,19,7,5,27,16,23
8,24,28,16,18,30,2,14,3,4,26,27,25,11,22,19,7,9,12,23,21,5,15,17,6,10,29,1,13,20
1,20,13,27,14,19,4,17,16,3,6,23,21,10,8,5,29,7,18,28,9,11,2,24,15,25,22,26,12,30
10,22,23,12,30,4,9,21,7,16,13,14,18,5,8,6,27,26,11,29,19,24,25,28,2,20,15,17,1,3
24,27,9,5,1,23,21,19,28,15,16,30,25,11,8,18,12,29,20,4,7,22,13,2,6,14,3,10,17,26
2,13,20,3,9,12,19,26,25,10,27,23,18,4,5,24,8,29,1,14,11,16,30,17,28,15,7,21,22,6
16,13,19,11,29,26,12,6,27,5,10,22,30,4,3,23,24,2,20,1,9,21,14,18,15,25,28,7,17,8
25,4,14,23,29,9,16,15,5,26,3,8,21,18,28,17,2,7,6,19,13,27,22,1,24,30,11,12,10,20
