80

30,18,7,50,23,73,21,9,52,25,40,56,67,45,41,64,24,59,1,80,2,66,15,71,4,75,32,31,62,22,29,55,19,37,17,76,53,54,42,46,27,12,35,28,60,11,68,57,34,8,77,13,58,51,78,65,5,33,79,38,26,14,48,6,49,70,47,39,43,10,63,69,3,72,61,44,20,74,36,16
58,75,26,72,68,57,40,64,21,60,5,7,77,3,59,44,56,36,32,24,54,8,43,1,23,29,19,71,66,20,34,69,37,79,27,78,6,35,30,28,9,33,11,48,45,76,47,13,17,14,67,39,74,22,15,42,50,4,25,53,41,12,73,49,18,46,51,70,62,38,55,65,52,63,80,10,2,61,31,16
51,17,73,48,26,36,11,5,12,41,79,28,16,13,74,23,42,78,70,18,80,53,3,10,77,46,38,61,30,19,9,44,57,29,37,52,4,34,68,6,50,72,60,67,69,76,45,65,27,21,39,54,7,56,20,22,24,59,32,33,2,71,75,58,64,55,1,49,15,63,43,40,8,25,31,62,47,35,66,14
52,78,28,4,37,15,72,22,14,38,18,57,47,24,51,8,56,76,9,30,6,7,32,13,66,21,25,17,67,53,33,1,58,40,43,73,64,59,63,74,49,34,65,23,39,31,11,61,2,80,29,54,27,44,45,36,26,60,3,48,77,50,19,79,70,10,5,75,42,46,41,68,62,69,20,12,35,16,71,55
53,80,40,46,12,76,34,7,17,22,4,35,25,27,78,44,32,58,47,3,66,70,68,72,11,15,69,8,16,9,1,33,75,51,14,38,62,77,61,19,60,55,79,31,54,5,49,28,2,65,63,36,59,6,74,20,26,39,57,48,50,13,24,45,41,52,10,43,30,71,64,21,29,23,37,42,18,67,56,73
18,49,2,56,19,28,11,48,55,3,66,1,16,5,12,14,25,61,37,17,59,63,9,31,21,6,29,46,23,38,33,20,72,51,27,58,40,4,70,64,57,50,36,53,35,47,7,45,76,62,75,74,80,68,41,43,60,30,52,15,26,44,39,24,65,69,71,73,13,78,22,34,67,32,54,8,79,10,42,77
50,68,35,53,43,56,58,1,20,40,38,27,75,74,37,28,23,31,39,29,49,54,26,76,33,73,71,47,57,7,55,80,3,52,70,30,16,18,60,34,67,12,22,46,61,63,24,79,44,10,14,59,51,19,21,45,64,66,42,8,25,32,48,4,65,72,36,5,41,6,11,78,77,62,9,15,69,13,17,2
13,60,20,36,28,72,59,18,69,79,68,30,32,58,44,39,42,7,31,6,33,40,8,48,19,63,50,34,55,11,27,17,26,22,47,61,43,15,1,3,80,14,76,9,5,57,16,62,70,35,77,78,37,53,2,46,66,24,51,4,49,65,25,74,41,12,71,52,75,29,38,10,23,56,54,45,64,67,21,73
73,30,36,69,9,42,35,29,57,46,68,78,2,75,13,34,47,76,21,28,70,59,58,62,65,50,22,23,31,18,1,45,15,17,11,19,80,43,41,37,60,56,67,24,14,27,33,32,54,66,71,10,49,7,72,40,63,48,64,55,12,25,53,38,20,79,5,16,74,52,6,4,39,8,3,26,51,44,77,61
30,29,35,36,57,78,7,26,39,48,50,37,24,43,33,22,54,17,38,56,40,16,62,4,77,23,55,58,65,52,15,73,45,28,80,68,47,14,1,41,69,25,32,49,76,34,20,6,61,19,21,44,12,2,72,5,67,63,70,71,11,13,8,46,74,79,64,60,75,31,51,10,3,42,59,53,18,66,27,9
5,27,62,53,37,51,8,17,11,24,32,18,26,68,46,28,34,80,48,25,29,72,66,44,41,58,10,36,61,14,47,65,73,74,30,7,60,63,52,3,56,50,49,70,64,54,40,12,71,38,22,20,21,23,76,45,13,43,59,77,57,67,33,79,6,35,9,1,4,78,19,2,75,55,16,42,69,39,31,15
70,32,58,19,73,68,51,46,2,37,75,42,24,47,67,34,44,78,80,29,66,45,69,36,63,57,15,16,41,59,61,20,76,62,38,1,72,79,40,55,33,31,3,50,21,56,49,8,65,27,54,6,26,53,4,48,12,7,10,52,17,25,74,11,64,22,18,77,60,5,43,71,23,13,9,35,30,28,39,14
22,10,77,59,2,27,51,72,62,1,20,29,32,42,6,33,79,26,37,36,13,9,45,23,70,8,31,38,55,35,34,28,61,47,39,46,14,15,67,73,4,40,25,5,78,41,64,68,21,69,76,43,56,18,17,3,49,19,66,57,52,16,24,11,75,63,60,7,74,50,48,30,71,44,53,80,54,65,58,12
66,25,10,79,19,74,11,1,49,52,56,32,6,68,24,34,42,9,7,12,21,54,14,26,70,22,30,51,43,13,59,40,8,77,4,61,64,58,17,55,5,63,15,50,60,37,20,45,71,38,78,16,69,31,73,3,62,65,75,28,72,76,41,23,57,67,18,46,39,48,33,44,53,2,27,36,35,29,47,80
13,59,31,17,2,9,6,63,11,65,14,58,38,19,26,20,21,8,7,4,54,56,33,12,39,52,64,51,71,1,78,69,23,72,24,80,50,61,68,60,32,48,46,45,41,35,37,53,10,25,77,70,42,34,5,3,40,44,75,66,22,47,62,28,74,18,67,30,73,15,16,29,57,79,49,76,36,43,55,27
36,24,45,41,22,19,1,43,48,57,26,10,47,16,18,59,34,35,28,3,61,73,8,29,38,4,71,50,54,64,33,11,72,15,49,42,56,77,58,20,2,68,12,21,39,40,63,70,69,75,55,53,30,67,65,51,17,37,52,78,7,80,32,13,74,25,6,44,60,23,27,31,76,79,9,14,46,66,5,62
26,14,60,28,41,7,25,38,16,19,52,18,53,45,69,55,73,64,56,76,40,31,58,66,23,65,27,33,61,75,37,42,6,3,59,54,47,8,30,51,71,77,11,70,35,79,36,2,78,44,80,21,24,68,9,49,62,50,4,20,63,1,29,46,34,72,74,43,67,5,32,48,57,22,15,12,10,17,39,13
71,35,51,27,46,79,17,3,5,32,63,65,74,31,53,56,37,26,75,8,23,2,39,29,42,59,55,1,47,61,13,40,20,77,10,9,64,33,57,34,38,43,14,21,18,28,4,19,73,15,76,66,68,11,44,62,50,67,41,30,52,70,78,6,7,60,12,48,45,69,16,49,25,72,54,58,36,22,24,80
57,21,68,29,67,1,51,65,15,62,80,45,55,24,54,74,14,10,72,71,63,32,13,27,47,28,40,46,37,43,44,73,17,41,50,39,49,70,33,7,64,77,56,11,22,60,3,76,30,61,19,69,42,53,34,23,25,2,16,5,36,59,78,6,18,79,31,38,66,20,8,75,26,48,58,35,4,9,12,52
14,30,58,54,71,2,3,41,52,25,42,32,43,8,4,35,74,22,45,57,19,46,49,79,11,36,15,51,75,69,24,21,26,17,33,76,55,67,62,47,70,40,72,61,27,34,23,9,16,56,66,64,38,77,20,31,50,48,60,10,37,12,5,44,39,29,28,78,59,80,18,53,6,1,65,68,73,7,63,13
54,39,70,80,22,78,23,75,21,59,67,51,1,6,53,68,50,63,69,9,48,20,76,32,28,42,27,37,7,26,57,5,74,52,46,56,71,36,33,17,30,12,77,61,60,62,13,34,41,45,14,40,64,44,8,79,16,2,11,24,25,3,43,47,19,49,18,31,35,38,29,66,58,15,10,65,73,4,72,55
28,62,1,64,52,41,47,35,71,8,55,65,56,74,22,11,46,70,76,54,2,5,26,10,7,42,78,73,68,57,27,48,39,80,25,24,45,61,67,43,3,63,38,40,14,18,36,21,77,6,4,59,37,15,50,60,53,75,20,72,9,29,58,23,31,30,19,34,16,44,49,69,13,33,51,66,17,32,12,79
42,49,19,20,29,25,48,43,60,9,1,24,21,16,14,23,53,2,74,7,33,38,39,70,41,72,15,35,11,69,52,50,73,28,4,5,47,65,13,77,30,34,27,22,55,45,6,79,80,62,63,71,17,44,54,32,12,67,8,10,76,51,58,61,78,68,3,56,75,18,37,59,36,40,31,64,66,57,46,26
32,62,26,12,39,4,2,72,68,27,13,22,37,6,55,48,76,8,16,19,64,24,46,50,14,59,30,63,43,49,35,11,45,60,9,58,57,51,65,23,28,75,25,44,41,47,34,10,53,20,15,5,40,17,3,77,70,54,42,74,56,18,31,71,33,80,78,67,29,66,52,1,21,38,61,7,69,73,36,79
8,23,36,27,60,14,51,9,40,39,3,1,19,15,46,62,68,57,72,12,32,69,38,56,31,22,76,74,77,34,50,16,21,59,45,30,75,54,67,52,28,25,20,41,4,71,58,65,55,37,33,49,80,48,5,64,61,47,44,2,6,63,7,18,53,29,66,10,35,13,11,42,24,73,26,70,43,79,17,78
37,27,16,26,44,28,57,18,29,76,46,30,45,9,42,2,33,54,23,51,49,36,35,38,3,21,12,62,19,79,13,72,24,10,25,64,53,40,70,41,71,52,7,6,48,60,59,20,68,61,17,34,55,56,15,80,73,58,32,67,75,14,50,11,66,65,31,39,8,22,63,43,4,5,1,69,77,47,74,78
60,67,55,39,69,40,21,33,65,12,30,62,73,13,31,38,36,42,52,51,10,27,56,48,78,58,3,11,28,61,54,66,46,2,9,23,47,35,76,17,15,32,5,6,71,26,68,41,50,49,70,18,64,59,77,45,57,80,25,4,79,22,43,16,37,63,44,29,74,24,7,72,34,8,19,14,20,1,53,75
80,6,1,3,31,46,27,62,70,25,23,24,48,49,50,75,26,68,67,15,60,28,57,55,30,40,45,39,22,38,42,58,71,4,56,77,44,53,63,41,37,11,69,66,73,13,33,2,54,61,19,34,79,36,65,43,10,78,35,5,76,12,7,52,9,72,74,18,21,8,47,17,59,16,64,32,29,51,14,20
60,37,45,79,70,18,65,31,33,30,20,4,8,16,63,56,12,35,19,57,69,46,9,24,59,52,5,22,43,51,58,17,7,42,40,72,34,50,2,71,3,15,10,67,53,6,36,21,23,1,73,28,13,11,41,29,68,49,25,26,62,75,32,78,76,27,74,54,77,48,14,80,47,64,61,44,55,38,66,39
47,1,32,49,14,34,26,60,58,31,35,17,39,69,7,20,41,18,71,6,40,11,24,16,59,72,44,28,10,61,15,23,78,66,30,67,57,33,36,38,27,53,21,52,9,63,50,37,64,76,2,25,62,48,13,73,8,70,19,22,5,51,56,29,43,80,77,68,74,4,65,54,79,46,55,45,12,75,42,3
52,8,75,29,17,79,68,26,19,21,41,18,47,80,50,60,10,9,20,74,34,77,66,36,7,25,15,73,6,57,61,12,42,33,43,11,62,27,14,59,71,35,46,1,70,31,23,67,40,37,13,4,45,39,48,3,53,65,64,78,30,56,54,63,44,38,5,22,24,58,49,55,2,16,32,28,51,69,72,76
16,72,47,28,67,26,46,69,39,40,18,71,17,74,73,32,54,57,49,8,9,27,37,2,33,21,14,41,13,58,5,50,42,51,4,7,36,61,60,48,62,43,30,63,55,64,19,22,11,20,78,59,80,52,31,68,77,35,65,6,1,45,3,44,12,29,23,38,76,53,79,25,24,70,10,15,34,56,75,66
24,47,4,54,25,76,61,45,12,58,62,19,13,36,72,46,60,43,6,8,21,22,50,33,69,63,17,73,10,44,42,48,23,14,71,55,2,20,1,78,11,75,74,7,70,41,27,49,67,28,32,57,38,51,79,9,52,39,59,30,29,40,3,31,34,66,15,64,80,26,37,35,77,65,16,18,56,53,5,68
7,22,32,57,45,53,16,49,8,78,20,36,15,48,70,21,6,37,27,13,30,35,76,19,69,44,5,58,4,29,41,77,65,73,25,74,34,59,64,63,55,62,3,46,68,40,50,61,31,38,54,72,43,14,66,12,52,60,80,79,42,1,51,39,2,56,18,11,17,71,67,33,10,9,23,47,26,24,28,75
9,40,4,74,17,38,48,76,35,1,57,77,33,71,70,44,43,16,67,26,68,31,55,24,52,5,64,66,46,28,22,25,42,45,29,36,20,14,78,18,53,56,23,73,80,50,49,7,13,8,62,6,11,27,51,75,21,2,72,19,61,79,30,69,15,63,37,12,3,39,10,34,47,65,41,32,54,59,58,60
53,36,77,41,44,37,64,49,33,15,52,43,8,62,47,10,55,4,13,40,50,39,69,79,24,46,58,27,34,16,51,28,57,35,14,70,1,17,25,66,2,56,59,26,6,71,9,42,61,22,38,54,67,63,21,48,5,73,31,3,29,75,12,7,19,72,20,80,18,32,45,23,76,30,65,11,74,68,60,78
17,46,41,15,16,4,48,70,61,47,71,8,76,64,13,79,58,66,52,39,77,68,35,10,3,1,32,23,31,73,18,55,14,12,62,80,63,75,44,20,22,7,27,69,38,25,21,34,36,30,45,28,42,24,72,6,26,74,49,43,33,54,65,40,37,60,57,56,29,53,67,51,19,11,59,78,50,2,9,5
18,28,41,77,22,17,7,60,75,35,5,12,47,31,2,32,54,65,61,66,50,59,19,4,58,6,68,8,3,62,14,25,29,67,64,71,42,38,23,46,30,24,34,39,63,15,69,49,57,73,11,13,27,51,79,72,16,9,37,56,26,20,80,76,70,45,53,10,43,33,48,44,1,36,78,21,40,55,52,74
50,51,48,44,57,67,27,36,56,17,69,71,9,24,13,10,75,73,3,63,47,61,79,70,1,34,55,31,78,58,22,74,23,77,37,25,19,11,72,26,29,66,59,14,45,76,20,68,32,35,65,8,64,2,40,38,54,42,5,46,49,41,60,12,62,33,52,18,6,4,28,30,53,21,15,39,43,7,80,16
2,44,53,1,72,76,77,12,63,80,29,34,47,25,38,45,56,8,28,6,17,7,11,58,23,19,49,43,9,67,66,35,36,68,73,16,27,41,79,71,20,33,42,75,10,62,31,24,74,14,65,32,61,21,18,40,55,59,4,52,46,3,37,78,51,70,15,22,57,69,50,5,39,54,48,26,64,30,60,13
74,25,72,4,43,78,6,9,68,35,53,18,76,64,70,11,14,28,65,13,55,32,67,20,58,30,19,27,8,63,40,60,3,33,80,48,47,42,71,44,7,61,59,66,62,51,49,38,50,1,36,77,10,41,23,31,24,75,45,22,39,29,52,79,69,56,73,46,16,12,37,21,17,5,2,54,15,34,57,26
68,2,57,28,39,26,71,52,45,37,48,9,14,35,70,62,21,15,17,61,30,66,72,7,4,74,34,41,8,73,29,36,1,22,33,79,76,5,53,75,69,50,11,12,19,56,13,32,25,60,38,49,43,77,44,23,65,80,27,3,40,42,6,55,31,46,24,54,47,51,59,16,18,67,63,64,78,58,20,10
44,15,69,10,17,58,35,7,34,38,32,39,47,1,63,77,29,71,49,80,76,73,5,42,2,65,31,37,55,40,46,12,18,52,13,41,75,53,68,54,33,14,43,26,6,59,30,25,50,24,78,45,22,4,60,21,8,16,70,28,61,51,64,9,20,23,19,67,66,62,11,56,74,72,27,48,57,3,79,36
60,54,65,43,32,8,29,73,31,12,16,67,38,4,19,69,22,72,33,46,41,80,21,48,52,10,59,75,27,13,76,45,40,17,25,28,62,35,9,30,42,2,50,79,15,6,64,77,1,23,71,70,20,61,39,24,49,78,55,68,74,7,3,57,56,5,37,47,51,18,36,44,58,14,53,63,11,66,26,34
35,8,39,24,12,36,23,48,72,38,9,69,50,58,79,4,53,25,51,6,29,10,61,60,63,19,78,52,66,64,2,11,27,76,74,21,46,68,45,32,42,70,14,75,7,33,56,18,31,54,49,20,3,80,22,43,40,67,17,62,5,37,41,28,77,65,71,73,16,55,57,1,34,30,44,47,26,15,13,59
51,43,39,31,44,10,7,52,45,5,17,23,63,73,77,38,69,70,54,66,24,78,26,59,57,28,25,18,9,14,27,15,3,55,49,12,75,64,37,1,19,6,60,56,50,21,11,36,2,61,29,35,80,20,65,40,8,79,4,42,32,68,47,76,48,62,22,71,33,53,30,58,46,67,13,41,72,34,16,74
64,35,60,29,65,24,51,6,53,38,40,23,63,14,67,61,48,1,41,46,80,16,70,31,55,78,62,42,58,43,50,18,56,76,12,25,49,28,34,3,44,2,52,13,7,79,45,17,47,22,21,8,59,11,77,19,4,26,9,27,37,74,66,20,15,71,30,68,10,54,32,33,73,36,72,5,57,75,69,39
39,52,3,35,20,2,67,17,8,44,50,6,41,56,34,61,42,71,16,72,28,74,77,23,4,70,78,58,38,12,26,10,51,9,32,75,46,48,18,54,1,40,57,14,33,49,79,37,73,53,31,60,59,29,55,36,7,24,69,11,43,62,80,19,63,13,21,65,64,25,30,47,66,68,45,5,27,15,22,76
25,43,22,11,38,73,36,64,69,53,29,75,6,61,72,18,55,19,47,77,8,59,68,79,20,24,34,52,63,57,80,7,70,78,17,14,2,27,33,48,9,21,60,13,12,32,40,67,30,45,58,56,54,51,35,41,66,65,42,3,50,16,62,76,74,1,23,28,10,37,46,44,71,5,39,31,26,4,49,15
74,46,24,37,56,28,62,39,20,54,26,52,40,6,31,50,32,36,48,44,34,38,70,5,53,64,47,58,13,2,11,3,49,29,73,55,12,42,15,80,41,77,59,51,25,66,18,79,30,45,9,72,78,7,16,1,33,68,10,67,35,4,71,76,61,14,19,75,22,60,57,21,65,43,23,69,27,17,63,8
34,9,29,43,50,80,69,73,57,61,54,32,15,40,31,16,41,22,26,21,42,10,30,28,25,59,66,2,71,19,68,14,60,12,20,7,8,44,49,46,6,77,64,51,65,56,53,47,4,23,33,37,18,48,3,72,5,74,38,76,55,79,17,70,39,63,36,35,58,13,45,27,24,78,62,52,11,75,1,67
75,77,79,14,25,3,36,37,34,41,20,72,59,8,70,71,63,15,10,24,40,7,58,62,45,76,80,18,1,17,60,13,5,9,56,73,4,16,6,26,28,19,23,42,54,50,27,55,48,53,33,68,30,11,69,66,49,74,78,31,46,61,47,29,65,35,43,21,51,12,32,57,39,38,67,44,64,22,2,52
49,26,19,77,4,17,78,79,59,46,66,57,48,76,65,35,55,45,47,27,68,7,69,73,54,64,52,32,61,56,24,43,23,62,28,16,50,80,2,9,36,3,44,67,58,60,22,21,53,12,25,42,51,33,30,74,1,41,40,5,72,71,20,6,8,39,70,29,11,38,31,18,63,13,10,15,75,34,37,14
2,54,36,48,1,58,35,72,79,9,26,61,39,34,41,32,33,59,28,16,31,24,8,74,27,13,14,50,23,68,22,76,7,11,12,42,46,38,20,53,67,21,70,71,5,73,40,4,19,49,66,56,45,6,60,10,65,63,57,44,51,64,78,80,43,17,62,30,37,47,15,52,25,18,55,75,29,69,77,3
56,11,21,3,33,80,62,50,77,39,68,59,1,2,23,29,26,76,34,64,24,6,61,20,70,49,15,32,25,63,79,38,67,27,41,40,60,57,75,10,16,42,58,36,52,17,71,78,69,51,18,45,65,22,9,5,53,48,46,28,37,54,73,55,74,30,31,19,12,7,44,43,66,8,14,4,35,13,47,72
49,55,44,45,23,10,22,52,80,12,20,57,17,37,33,63,3,65,35,69,19,18,38,39,32,43,27,76,67,73,16,2,5,77,13,53,26,59,74,30,24,31,51,48,21,25,78,11,61,34,40,6,4,64,29,68,8,54,71,46,1,56,70,58,75,72,15,50,47,36,41,28,66,9,62,79,7,14,60,42
73,46,15,67,68,43,65,80,27,71,49,48,52,12,17,34,78,54,24,60,5,57,23,3,13,79,44,2,21,6,37,76,32,30,9,29,26,40,70,10,22,63,39,8,69,41,45,74,20,18,50,55,56,64,31,75,72,36,35,33,16,58,1,25,11,77,4,14,51,59,38,42,66,53,62,28,7,19,61,47
71,57,16,12,67,20,54,47,53,41,14,60,48,33,76,68,66,46,51,26,38,31,22,24,7,37,50,72,28,43,55,58,56,3,80,75,11,30,29,19,52,27,65,9,13,78,61,17,5,59,34,32,45,49,70,2,62,23,69,79,10,39,15,8,64,18,42,4,36,6,21,1,63,77,73,40,25,35,74,44
46,3,50,68,25,39,70,14,16,20,35,32,23,33,79,17,1,66,9,37,49,65,4,11,52,47,63,48,64,38,21,15,44,45,34,53,71,73,27,51,19,77,69,56,62,31,43,18,10,59,5,74,26,60,7,13,67,36,30,6,57,58,42,72,2,55,76,78,24,54,41,75,28,8,80,61,12,40,29,22
22,29,61,14,20,42,66,43,30,1,18,49,15,65,80,11,36,68,41,58,60,63,10,9,73,31,34,55,48,70,26,37,79,54,53,2,6,50,27,44,52,56,72,23,28,38,40,62,39,71,76,32,74,12,7,35,21,19,3,78,13,24,75,77,4,46,5,33,16,45,51,69,47,8,64,59,57,67,17,25
37,40,54,16,6,3,72,7,26,30,23,52,44,70,56,48,53,74,79,17,67,69,18,4,57,20,51,13,39,1,64,33,31,27,5,24,73,66,65,78,68,34,49,80,59,8,62,55,58,35,45,42,38,12,21,60,15,36,77,19,41,25,32,14,71,43,29,61,63,50,46,28,22,11,76,2,75,9,47,10
71,63,60,2,22,8,49,69,39,40,47,25,5,48,3,14,19,80,28,55,70,73,52,50,30,1,76,58,42,43,34,53,10,57,31,32,54,16,65,4,6,59,26,36,11,79,72,20,18,23,51,77,17,56,41,12,64,33,15,67,29,44,61,27,66,62,68,13,7,38,37,9,78,46,24,21,74,35,45,75
30,60,9,39,6,3,2,69,23,48,5,62,15,27,37,56,33,17,36,59,25,54,41,19,77,34,63,71,51,7,35,61,1,24,8,44,68,72,12,66,46,70,29,45,31,32,38,21,13,28,11,79,78,4,40,65,10,18,64,16,58,43,20,74,52,55,57,42,49,26,50,73,53,47,22,14,80,76,67,75
43,25,29,4,57,12,7,27,3,8,30,19,80,60,21,13,23,67,62,51,47,79,52,31,53,35,39,45,40,10,2,58,37,32,66,50,71,28,5,76,55,24,77,54,59,56,63,41,11,46,44,26,17,1,38,15,75,6,68,78,9,42,14,20,73,70,72,69,34,48,36,64,65,74,16,33,22,61,18,49
64,70,76,4,72,38,49,46,34,60,78,67,6,59,68,62,28,20,33,80,52,25,16,74,1,42,11,47,43,23,39,7,57,5,12,17,31,53,14,71,58,10,69,21,61,56,50,66,3,41,79,27,65,19,35,54,18,37,55,9,36,22,40,48,8,15,2,45,13,24,30,77,29,32,75,73,51,44,63,26
44,78,76,41,66,34,24,67,2,54,75,1,64,16,62,4,40,9,27,48,32,61,28,18,52,31,3,39,6,58,37,70,73,68,57,23,51,19,25,15,12,77,80,72,22,60,35,26,13,47,65,30,69,10,11,49,17,14,56,71,7,8,55,59,53,5,46,45,50,43,79,21,38,33,20,36,63,29,74,42
63,78,5,34,10,4,44,76,31,41,80,24,17,35,60,50,25,74,32,33,2,37,9,68,77,42,54,18,29,40,39,51,19,75,30,57,46,56,36,61,64,20,7,43,22,38,58,73,15,21,45,62,59,52,53,12,71,11,55,1,67,14,65,70,3,69,28,6,72,27,66,8,23,13,49,79,16,47,48,26
12,36,30,62,59,45,31,28,58,73,63,53,42,15,60,54,10,46,18,48,44,4,40,5,13,38,6,3,33,66,22,17,49,7,67,68,78,1,71,75,35,57,51,43,74,25,39,16,29,20,55,27,65,52,72,69,26,19,47,80,34,21,50,2,11,14,79,77,37,32,56,76,64,9,70,8,23,24,61,41
73,78,57,55,20,26,46,13,8,4,35,38,6,39,48,50,12,53,59,60,25,36,14,5,9,18,67,37,15,41,56,43,28,24,58,30,16,47,3,76,72,51,33,68,21,65,34,42,7,52,44,71,1,66,54,17,79,32,62,77,40,80,10,19,64,22,23,31,61,70,27,49,29,75,45,74,11,63,69,2
24,26,62,50,4,5,3,2,75,23,20,76,36,14,18,10,53,61,78,32,1,47,56,58,46,12,44,22,9,77,55,35,6,74,59,31,21,71,7,39,51,52,33,80,66,73,15,41,72,11,40,13,48,67,29,38,60,79,30,37,42,28,25,65,27,43,45,19,16,49,63,64,54,34,68,69,70,57,8,17
31,79,26,47,13,67,25,52,65,5,57,7,21,64,34,78,72,18,43,1,68,70,22,33,29,37,3,75,12,62,20,44,42,17,69,71,24,54,80,48,74,27,2,60,38,58,51,8,40,66,36,4,6,39,30,59,19,35,10,14,41,55,9,23,76,63,32,53,77,45,56,61,50,28,15,16,46,49,73,11
57,33,70,39,77,47,41,1,72,27,74,43,60,73,21,17,26,6,59,40,79,10,37,62,5,14,12,67,50,34,22,61,11,25,32,52,20,30,36,51,53,58,55,29,8,18,35,48,56,3,31,38,16,71,7,42,68,78,45,66,46,76,15,75,54,4,80,63,13,69,44,64,9,2,28,49,24,19,65,23
45,51,39,30,80,4,36,46,55,78,42,71,56,38,49,29,17,34,2,32,53,12,43,63,57,1,13,26,28,35,64,72,70,31,60,68,77,21,27,79,11,47,54,20,23,24,48,69,19,18,58,65,44,67,75,8,61,33,3,9,5,73,76,59,16,62,7,40,66,22,6,37,14,50,74,15,25,10,52,41
35,47,52,39,6,64,59,23,65,78,7,26,53,56,15,70,1,2,61,38,42,73,69,43,45,27,75,41,46,28,24,57,18,66,13,50,21,11,19,12,80,60,10,17,71,74,3,4,63,49,33,31,9,8,77,36,72,30,54,76,62,48,16,14,32,34,40,29,22,67,51,58,37,79,5,20,68,25,44,55
17,80,71,38,45,10,25,73,39,51,11,49,67,5,6,40,68,55,62,36,59,2,27,19,44,60,56,48,66,35,79,15,20,47,75,23,4,30,7,52,13,28,77,78,22,65,63,24,41,46,43,3,16,37,64,54,31,33,8,57,34,18,69,26,12,9,74,1,29,50,21,53,76,32,61,72,14,70,42,58
9,34,2,58,13,18,68,22,8,24,47,11,46,14,60,75,49,25,80,45,40,26,72,61,76,79,62,73,19,71,33,7,41,63,44,3,27,65,56,37,10,17,43,28,70,4,67,39,35,77,78,66,54,51,6,32,64,55,53,15,31,42,1,30,21,20,69,29,50,23,52,16,5,12,36,74,59,57,38,48
49,33,69,8,39,73,38,36,53,56,41,64,4,48,34,7,75,27,65,10,26,32,35,23,76,15,80,46,79,2,28,42,43,14,45,68,22,18,11,9,58,17,29,6,71,25,78,37,5,16,62,12,20,19,61,44,3,54,63,1,60,77,72,66,50,51,55,30,24,59,52,67,47,21,40,57,13,74,70,31
77,4,48,18,30,49,25,79,14,35,80,68,24,8,51,43,70,21,29,41,11,23,20,37,16,59,60,63,52,34,39,2,31,75,62,13,47,33,61,1,76,26,66,72,74,53,58,57,32,5,44,38,73,19,65,55,67,12,54,17,7,27,40,15,3,10,36,9,56,64,69,78,71,22,46,42,28,45,6,50
44,31,52,37,27,71,5,14,63,50,15,34,54,73,65,24,10,16,66,23,43,56,20,77,36,49,17,18,67,75,76,61,46,8,13,22,59,2,64,3,26,51,6,55,58,80,70,45,74,60,62,41,57,28,53,4,33,47,9,69,79,19,40,68,25,78,35,29,21,30,38,42,12,7,39,72,1,32,48,11
69,53,25,41,37,27,56,68,17,10,19,66,30,60,80,52,22,21,75,12,50,13,42,76,31,9,73,58,18,77,72,36,6,40,71,54,20,23,46,65,8,16,29,47,38,78,61,67,1,51,55,39,49,63,43,3,34,70,24,26,2,11,62,74,48,15,44,5,32,35,45,14,4,64,57,28,33,79,7,59

29,63,35,43,67,75,60,1,14,25,32,61,76,24,2,50,5,20,57,17,62,49,66,56,74,46,7,52,48,55,44,71,78,22,38,6,8,28,69,10,37,73,9,65,45,51,79,39,27,36,23,58,42,70,12,72,26,40,11,4,31,33,77,53,15,59,19,21,34,64,13,47,54,68,18,16,3,30,41,80
12,20,40,46,28,34,42,60,58,31,25,59,22,15,77,62,8,4,5,24,36,29,33,54,50,10,43,68,13,80,19,16,70,14,49,71,65,35,7,74,30,57,72,55,51,79,73,3,41,76,39,21,67,66,69,63,78,61,44,6,18,52,38,9,23,47,17,75,56,2,64,53,45,32,48,27,26,1,11,37
71,4,1,46,39,63,53,14,78,69,42,65,47,49,68,20,7,21,19,40,64,50,55,74,33,36,34,28,44,3,43,10,75,72,57,70,41,13,38,2,54,56,51,31,77,26,11,27,79,5,30,61,76,9,16,73,6,37,12,58,35,62,60,48,59,52,8,80,24,17,66,29,18,32,67,22,45,23,25,15
60,50,56,29,77,78,55,42,14,1,63,70,44,76,31,6,12,21,65,64,22,4,52,23,41,38,9,54,36,19,16,69,66,11,37,79,26,43,74,25,62,58,35,72,39,61,57,32,48,10,18,73,47,8,40,33,3,53,34,27,7,15,17,67,59,2,71,24,75,30,80,51,20,46,68,49,28,5,45,13
76,35,12,61,40,58,70,45,43,54,19,57,22,14,56,36,77,75,46,5,11,59,44,60,78,66,42,32,74,9,34,13,30,16,39,64,18,2,80,52,41,37,3,79,1,65,29,25,31,26,51,23,55,8,63,48,50,21,7,20,71,15,24,73,49,69,53,6,47,28,68,72,4,33,62,10,38,17,67,27
77,27,79,16,24,15,57,7,33,12,5,43,78,40,23,3,49,53,17,80,32,74,55,2,31,42,21,64,36,69,45,51,52,20,14,10,6,25,65,29,39,13,66,63,59,60,72,46,19,18,34,8,54,68,56,50,35,61,28,71,9,1,58,4,44,26,41,67,62,37,22,70,76,30,75,38,11,48,47,73
28,13,55,43,47,72,23,6,40,45,18,30,20,34,65,77,78,25,7,68,73,3,80,38,29,71,32,76,66,37,63,75,22,57,8,31,9,39,24,5,33,11,53,69,35,46,19,26,48,52,42,44,67,16,4,15,60,79,61,14,49,70,21,74,2,59,51,64,1,41,62,58,17,56,10,27,12,36,50,54
56,37,62,36,12,70,25,63,44,28,54,48,73,10,3,38,22,72,24,76,21,55,64,71,68,13,23,51,9,17,11,75,4,20,80,8,52,77,53,2,66,27,39,46,40,78,50,65,58,47,69,49,29,30,14,18,6,7,59,57,1,31,74,42,15,43,35,60,32,5,45,34,61,26,33,67,16,79,19,41
3,79,47,60,37,22,73,30,64,52,72,16,36,21,68,7,6,23,78,25,67,9,20,80,49,66,19,35,41,43,44,71,31,57,18,77,63,45,5,33,32,34,24,53,76,11,2,8,27,12,61,56,62,14,59,15,10,55,65,46,17,38,75,48,4,58,1,40,54,28,29,39,42,74,26,51,69,13,70,50
42,56,79,49,25,13,2,62,22,26,51,31,12,78,63,72,47,58,77,3,9,7,41,4,8,19,30,15,10,36,24,60,27,48,50,52,43,74,21,66,46,65,53,80,14,73,17,32,20,45,57,44,40,69,34,37,38,54,29,55,23,59,39,61,35,6,28,33,76,5,1,71,75,68,70,18,11,67,16,64
44,34,5,74,55,33,45,10,25,57,15,54,29,4,72,56,18,22,36,79,65,9,32,11,43,80,49,19,24,39,41,6,71,28,16,66,38,53,60,77,47,59,69,7,48,67,21,14,17,75,68,2,27,42,64,3,52,20,31,73,12,62,58,51,40,63,78,13,30,76,61,37,23,46,70,8,26,1,35,50
56,19,67,29,25,51,45,69,26,46,24,66,40,14,17,60,70,15,10,18,50,54,6,27,11,5,9,59,58,71,42,4,37,7,53,1,31,13,2,44,22,47,12,49,61,33,65,76,32,39,23,43,68,75,72,73,36,57,35,79,64,74,41,78,34,8,16,30,77,3,28,63,48,21,20,52,62,38,80,55
12,34,68,49,73,70,25,52,45,59,58,13,5,76,50,78,69,20,35,19,46,36,16,18,31,14,79,54,27,32,28,77,2,47,24,15,8,66,72,64,7,42,51,55,60,67,23,11,21,61,53,57,4,80,40,9,39,37,10,63,41,6,43,48,26,38,29,62,22,1,44,17,33,56,74,30,71,65,3,75
27,41,1,23,71,43,58,9,3,61,62,35,63,75,74,57,30,64,34,42,77,80,68,5,56,55,2,79,36,53,50,6,47,48,22,17,20,21,16,10,45,39,14,29,28,60,52,19,25,67,70,54,24,59,37,31,65,13,66,72,76,12,46,33,4,51,38,69,49,7,44,18,73,11,40,15,8,32,78,26
37,27,29,77,43,41,42,2,28,76,61,25,66,71,78,68,62,65,18,69,10,16,38,63,70,26,32,55,56,22,17,15,73,72,57,21,44,24,34,53,20,19,39,6,35,54,50,48,30,80,12,36,40,3,45,51,58,60,75,14,79,74,64,46,23,59,33,7,9,47,13,52,49,31,67,4,11,8,1,5
52,7,22,39,12,76,44,71,25,69,35,14,48,18,78,19,8,20,79,54,63,38,80,45,67,59,53,1,29,61,75,65,42,41,51,62,56,72,4,40,27,11,60,49,2,34,3,55,36,17,50,21,23,10,16,58,32,47,68,37,43,66,9,15,26,5,33,6,77,28,46,64,70,24,31,74,13,73,30,57
52,50,34,11,49,14,2,70,80,77,1,62,30,38,37,41,3,35,51,31,25,21,29,69,73,17,55,24,22,27,4,9,23,56,40,57,7,66,78,18,44,53,47,75,45,33,61,60,67,63,16,5,12,8,39,10,68,13,32,64,58,36,74,72,15,42,20,59,79,54,76,19,48,43,65,28,6,26,46,71
39,44,37,35,21,66,59,64,49,36,77,24,23,75,40,32,10,42,73,72,5,54,29,43,4,18,65,38,13,63,12,51,16,53,56,33,27,78,3,6,47,19,41,25,70,57,52,14,69,7,1,31,28,58,55,30,17,8,22,20,74,76,2,46,15,68,80,62,67,34,50,48,11,61,60,9,45,71,26,79
58,35,44,37,62,42,75,27,17,57,34,11,59,54,6,68,69,1,25,8,7,79,71,23,3,20,15,74,31,67,13,40,47,29,56,53,5,72,39,14,46,41,32,28,16,78,77,65,52,55,36,10,64,49,80,2,60,21,73,18,70,12,50,51,22,24,33,48,76,66,19,26,38,4,43,30,61,45,9,63
19,49,54,17,40,10,11,77,16,18,3,37,66,80,70,71,48,63,56,14,28,42,12,64,13,9,59,68,26,75,21,6,78,20,38,34,57,52,24,51,33,30,60,43,32,45,1,65,8,58,62,61,15,50,47,31,7,41,76,2,79,27,25,29,67,5,22,72,36,39,23,35,74,55,46,4,69,73,44,53
47,74,23,48,31,78,24,9,20,60,70,67,41,2,53,26,35,25,50,34,77,1,3,36,66,7,43,58,55,46,68,27,8,69,80,59,54,19,11,73,79,63,17,56,64,37,28,12,29,38,71,49,51,52,14,45,10,32,4,30,5,21,33,61,15,75,40,65,6,57,18,72,16,44,62,22,39,76,13,42
78,74,56,43,33,36,62,4,66,59,20,13,70,69,25,1,2,31,3,49,41,57,35,68,64,65,19,8,11,67,6,58,45,54,29,50,76,63,9,40,79,75,39,80,22,15,77,34,44,53,17,5,52,24,73,10,32,72,16,14,71,38,51,12,30,37,48,7,42,21,27,18,28,61,46,60,47,23,26,55
67,25,19,60,30,18,51,1,40,57,28,38,14,21,58,2,55,80,62,66,17,72,79,78,50,12,43,35,54,68,27,74,65,63,8,36,69,49,33,48,59,52,64,56,3,15,76,44,32,16,77,26,41,37,5,53,11,34,39,22,73,29,7,10,75,45,24,4,46,61,31,70,6,23,71,47,9,13,42,20
32,74,22,57,23,39,9,38,5,63,49,41,76,30,7,2,60,65,25,15,47,19,40,20,79,46,67,13,75,68,11,18,31,58,43,71,27,34,26,69,6,42,44,24,78,17,16,29,50,52,37,72,28,77,64,8,14,66,61,1,56,35,80,70,33,12,4,21,55,62,59,51,10,48,3,73,36,54,45,53
36,3,74,37,49,13,40,79,1,57,56,70,28,24,78,46,73,17,10,15,12,58,43,71,42,62,14,8,20,23,55,34,44,75,72,27,63,48,65,33,30,26,52,5,76,66,16,29,60,2,4,64,6,32,54,9,67,45,61,68,35,77,53,80,18,38,22,19,11,21,69,41,39,25,59,31,50,7,51,47
54,6,50,72,45,29,47,78,3,7,20,67,2,64,9,76,57,19,77,16,36,48,14,42,75,27,37,13,65,79,63,24,5,60,38,73,46,12,69,8,35,33,62,10,28,71,52,41,74,49,23,80,1,21,40,31,61,51,11,32,55,70,30,34,39,68,25,56,17,22,53,4,15,59,44,18,58,66,43,26
77,29,57,9,63,70,55,28,65,26,36,68,80,38,5,8,50,30,42,21,51,16,64,67,58,43,66,6,62,1,61,17,73,59,46,7,69,10,33,14,54,48,19,75,24,3,13,72,18,52,11,44,4,20,15,53,12,39,49,35,31,23,74,25,2,47,78,37,56,41,76,60,34,32,27,71,40,79,22,45
2,6,60,41,76,44,52,48,33,80,27,66,28,21,47,5,15,36,37,70,30,61,7,14,74,63,79,78,77,39,11,58,10,26,51,3,55,22,32,62,40,53,45,67,64,18,19,13,38,43,24,75,25,17,46,20,29,34,65,56,73,23,50,8,9,31,1,72,57,35,42,69,71,4,68,54,12,49,16,59
72,57,27,69,33,50,51,32,78,35,56,22,67,12,4,24,19,66,1,63,79,29,80,44,25,14,20,30,40,6,47,36,18,68,11,17,39,73,49,10,9,74,45,59,54,52,60,53,15,2,76,58,31,65,43,38,42,70,13,64,26,62,23,71,28,7,37,77,34,21,46,16,61,41,75,8,48,55,3,5
44,51,6,16,62,11,68,74,35,28,77,65,38,55,39,5,8,56,31,24,17,57,19,78,49,69,40,15,32,30,34,50,59,12,4,45,37,10,33,29,43,67,14,2,58,80,20,36,26,53,21,71,13,18,9,47,66,76,54,79,3,73,1,75,63,70,41,23,48,64,22,27,42,52,25,60,61,7,46,72
48,74,43,77,57,55,50,20,39,26,17,10,59,78,4,53,1,30,36,65,35,11,9,70,68,27,7,61,25,63,76,16,21,28,38,66,19,41,52,72,22,14,13,62,71,23,60,45,31,2,3,46,64,49,33,56,12,34,42,69,79,8,15,54,24,80,6,18,37,47,75,51,67,5,73,32,29,40,58,44
44,72,26,20,65,21,22,27,48,70,9,31,30,64,33,28,45,16,58,7,6,37,80,49,62,38,71,34,67,29,56,53,19,73,55,61,46,79,50,11,5,57,75,4,10,35,3,47,69,13,76,2,25,41,52,39,60,66,63,40,36,51,23,15,74,14,78,54,12,1,77,18,43,32,42,68,17,24,8,59
56,10,71,78,4,70,45,55,62,46,64,80,3,16,12,38,79,67,26,34,76,58,77,41,11,39,33,23,72,66,65,8,9,22,30,29,40,7,44,42,35,53,47,24,18,73,52,13,19,63,21,20,1,68,36,50,6,51,17,27,69,15,74,37,49,31,25,14,28,2,43,54,32,48,57,61,59,60,75,5
53,14,20,75,65,48,9,29,71,67,31,62,16,80,52,46,27,73,68,3,51,32,50,54,23,58,57,24,15,37,13,34,43,63,22,30,33,18,41,42,47,21,55,36,61,59,45,1,74,56,69,66,35,40,76,5,10,8,7,28,12,2,26,6,44,79,64,60,78,70,11,77,4,39,72,19,17,38,25,49
56,66,27,6,69,50,76,9,4,18,58,19,46,74,57,62,41,12,78,16,64,67,65,20,15,63,23,32,13,26,61,10,42,14,24,47,71,2,48,8,29,54,53,38,70,22,11,43,35,59,55,21,7,49,60,37,51,1,25,33,44,77,68,31,5,30,73,80,52,17,45,39,34,72,28,75,3,40,36,79
64,15,74,24,54,40,77,34,9,36,16,75,60,38,3,70,55,31,56,80,78,10,21,71,26,12,5,51,1,4,28,43,65,33,13,50,76,42,6,79,14,53,61,22,29,66,47,57,32,62,27,68,49,45,46,2,18,44,23,8,19,48,17,11,7,30,20,35,37,52,39,58,69,59,67,41,72,73,63,25
4,53,5,47,26,6,68,13,16,27,76,77,9,74,55,35,79,45,36,10,14,69,33,30,23,48,2,64,65,67,34,7,42,38,52,44,50,70,8,71,59,49,21,37,78,58,18,72,17,56,41,39,73,3,24,12,15,57,80,19,61,66,62,25,40,43,60,1,32,20,22,63,31,54,29,28,51,75,46,11
60,46,9,11,1,75,19,38,41,44,28,7,64,39,57,24,2,15,58,10,80,49,22,47,26,5,65,69,34,67,54,27,45,18,31,36,37,35,20,13,50,17,3,72,61,52,76,70,51,14,71,66,32,33,16,53,30,79,68,21,29,59,6,48,12,78,42,40,62,74,43,73,25,8,56,4,77,23,55,63
41,8,80,14,51,29,20,37,10,39,26,27,40,18,24,55,54,72,46,13,16,22,17,56,35,9,3,21,1,63,62,77,2,44,15,5,61,32,76,67,30,48,19,47,68,33,64,75,71,38,58,73,74,78,28,11,79,52,36,4,34,23,49,25,60,7,6,57,53,50,42,45,69,12,70,66,65,31,43,59
52,71,79,62,73,23,74,41,38,48,12,1,44,39,3,69,20,59,56,68,36,64,55,30,72,24,35,43,78,63,10,34,53,75,32,61,47,67,49,4,70,26,33,51,60,21,29,19,37,58,76,13,54,25,8,77,11,16,80,46,42,50,7,18,14,66,15,57,6,2,17,40,31,28,45,65,5,9,27,22
23,16,64,67,43,9,56,71,68,54,31,34,2,19,37,40,21,35,66,38,14,62,65,29,26,46,60,30,22,51,41,57,52,77,4,44,61,15,10,24,13,53,17,7,1,33,49,73,5,80,75,39,48,74,18,45,79,72,27,63,8,59,3,42,58,25,20,69,70,11,47,76,36,12,28,55,6,50,78,32
69,9,52,33,30,59,51,74,22,25,31,34,80,10,65,17,5,14,36,76,78,70,15,63,32,44,7,61,24,16,75,27,8,29,43,57,42,53,19,6,21,4,49,41,20,12,77,2,58,45,3,50,55,47,18,11,1,73,46,54,64,28,40,72,79,35,38,62,71,67,60,66,68,37,48,13,26,39,56,23
28,66,71,34,11,50,73,44,27,42,40,19,18,41,75,54,16,20,31,59,37,72,61,9,8,74,56,67,26,36,1,4,77,25,48,43,79,45,57,23,35,64,65,70,38,14,15,78,47,7,63,3,2,80,13,62,58,55,51,5,69,52,10,53,21,60,24,30,6,46,49,39,32,76,33,12,22,68,29,17
13,44,2,25,31,75,21,53,36,22,71,10,34,54,5,16,4,45,79,8,51,48,47,39,40,50,12,15,65,9,78,3,74,19,18,73,28,7,52,58,41,77,29,20,55,6,60,35,59,26,14,64,42,57,17,80,72,1,69,67,27,62,11,46,38,70,61,33,66,24,63,49,76,32,56,30,23,37,68,43
15,76,19,32,26,5,70,73,68,18,46,42,38,10,13,16,14,17,35,24,54,29,39,44,40,11,60,48,55,7,9,75,37,12,1,41,31,69,62,74,59,67,58,2,78,27,28,49,51,43,65,79,47,8,23,72,80,30,4,33,52,50,3,61,36,66,53,21,25,77,56,45,64,22,71,57,20,34,6,63
30,44,46,52,70,43,14,10,45,40,50,16,79,23,61,80,31,26,47,58,63,64,1,69,38,19,20,49,11,65,42,34,24,8,15,77,3,28,22,74,29,60,37,68,72,54,4,78,18,6,41,73,13,39,27,35,62,57,55,12,9,32,33,2,59,25,7,66,75,76,21,67,48,5,53,51,71,17,36,56
24,77,39,42,27,32,79,25,47,4,37,78,41,74,57,58,6,14,54,62,35,23,9,40,66,75,73,72,69,2,28,48,16,19,53,64,17,61,65,21,67,49,26,70,80,59,3,30,15,76,1,51,52,68,5,10,33,43,29,13,71,12,60,36,50,34,31,56,11,55,44,45,20,63,46,38,22,18,7,8
3,9,67,53,16,78,18,45,27,31,79,59,61,80,34,66,20,13,5,14,39,69,75,68,38,6,70,22,77,29,12,4,47,15,25,2,62,8,64,40,43,21,19,52,73,10,49,28,48,35,56,50,60,74,42,41,17,11,26,72,1,7,57,55,24,36,65,58,54,23,37,33,63,44,32,46,30,76,51,71
30,18,65,80,12,44,79,4,57,14,68,25,63,42,10,51,36,15,54,1,8,56,66,17,27,11,29,9,62,64,7,43,31,38,32,28,13,78,41,24,72,5,20,70,35,19,55,76,33,45,39,40,2,75,34,60,23,37,61,71,49,50,46,58,22,16,47,74,69,67,77,3,26,48,73,53,52,59,6,21
28,61,27,8,40,30,4,22,32,57,24,7,69,13,76,54,43,6,12,72,11,5,68,25,19,16,41,65,80,75,2,21,3,58,59,51,60,70,9,42,29,50,23,52,10,18,1,67,33,71,35,77,78,26,64,38,36,37,46,15,74,48,47,14,31,34,63,66,53,62,56,55,49,45,20,39,17,79,73,44
8,57,72,74,7,45,33,68,35,51,37,17,61,30,73,71,26,3,32,55,24,77,40,12,79,20,56,34,63,39,66,53,9,67,54,29,60,62,31,44,42,11,23,76,43,50,13,25,64,14,6,36,5,27,22,58,28,21,48,18,41,47,80,70,75,69,15,38,4,65,46,19,59,2,10,1,16,49,78,52
78,24,23,17,51,64,56,63,70,13,36,73,45,77,11,46,50,71,38,49,10,55,60,19,52,72,30,47,4,79,41,25,22,26,68,5,15,27,74,21,18,6,14,12,34,40,53,43,29,66,42,61,59,57,65,39,62,35,48,37,1,20,3,31,7,9,69,76,67,58,2,28,44,32,8,54,80,16,33,75
58,17,76,69,67,3,27,5,33,59,4,61,79,30,44,2,53,43,14,22,63,56,65,11,34,66,28,31,21,49,42,54,75,46,78,70,8,6,64,74,51,32,19,9,39,26,73,25,47,1,71,35,36,29,52,37,45,24,57,38,23,41,77,7,12,40,15,50,20,18,10,13,60,80,48,16,62,68,55,72
78,69,52,3,29,25,27,48,58,66,21,77,36,80,50,46,62,32,15,24,35,51,65,67,8,64,22,26,71,14,42,11,68,44,41,47,39,2,9,79,4,49,76,34,28,17,7,5,75,72,73,23,56,19,70,55,59,40,63,31,18,10,30,60,13,20,57,6,1,37,53,45,12,16,43,74,54,38,33,61
33,26,27,59,49,29,25,53,67,10,72,64,1,28,74,7,61,44,41,62,13,17,50,65,30,45,11,9,39,70,58,63,42,48,57,19,51,79,76,54,14,23,5,8,40,18,43,31,55,37,3,20,16,15,4,73,38,12,60,80,46,32,78,24,69,36,6,52,77,22,34,66,68,56,47,21,71,75,35,2
37,54,51,39,16,71,2,72,70,25,9,76,23,18,63,62,12,60,22,47,67,74,7,78,35,10,26,79,55,53,1,34,30,13,49,65,6,41,73,21,31,59,14,28,68,58,19,40,8,52,46,4,20,77,44,66,48,45,3,29,64,69,42,75,27,5,38,24,56,43,50,17,57,33,15,11,36,32,80,61
22,26,17,11,53,3,4,13,75,20,71,39,29,42,52,68,28,50,19,30,56,2,69,62,8,12,1,6,25,10,70,66,64,7,80,60,43,57,46,16,58,27,47,54,63,73,31,59,37,48,23,77,36,65,49,35,51,40,18,33,72,38,67,21,79,24,15,32,61,34,78,5,45,41,14,74,9,76,55,44
67,53,39,62,48,25,9,8,1,68,20,40,60,33,45,69,76,52,28,78,36,7,32,6,61,74,24,2,10,35,44,17,38,4,34,73,41,59,47,5,22,58,16,43,30,57,14,56,27,54,11,66,51,65,12,49,42,21,70,15,55,29,50,13,75,18,31,37,26,23,77,72,3,79,71,80,64,63,46,19
73,7,74,28,78,8,67,26,46,75,13,60,25,11,4,64,40,42,58,47,44,24,21,77,32,66,15,12,69,43,31,76,57,30,17,2,19,61,29,50,37,80,10,27,79,72,55,6,52,63,53,36,56,20,3,39,14,35,71,16,34,48,38,1,62,49,51,9,59,41,33,68,18,22,70,23,54,65,5,45
6,9,71,18,65,21,17,68,75,77,16,22,15,4,36,67,72,1,24,59,70,58,57,34,13,79,7,27,37,41,3,43,74,51,46,52,76,40,26,56,49,19,45,30,12,20,44,2,78,35,38,48,69,80,63,28,73,55,11,23,5,62,53,8,33,25,10,14,29,50,64,32,47,31,39,66,60,42,54,61
29,6,64,49,71,61,31,14,76,27,65,66,51,17,58,15,75,48,56,3,57,1,9,54,13,23,18,60,30,11,38,73,20,26,19,80,25,59,43,46,47,77,52,28,50,21,16,39,7,34,22,53,45,41,4,67,32,8,63,79,62,44,42,5,72,24,2,78,74,35,70,40,55,12,37,68,69,36,33,10
56,64,10,26,24,61,65,37,68,9,25,21,41,72,8,40,60,71,59,31,27,79,2,38,17,18,73,6,42,30,29,70,75,4,16,52,47,35,57,15,51,19,55,66,53,39,22,77,44,63,14,12,54,45,32,48,69,23,43,3,74,62,7,1,67,58,80,13,78,46,5,76,34,50,20,11,28,36,49,33
38,4,21,57,69,74,29,24,42,67,13,59,9,5,70,72,1,78,41,76,55,23,20,60,30,54,15,16,32,66,27,75,65,50,49,34,52,79,64,14,37,58,73,77,53,3,63,12,62,71,44,61,10,43,45,6,68,31,33,8,80,22,17,36,26,47,35,56,18,7,25,19,11,39,2,46,28,51,40,48
79,22,7,35,77,73,3,4,60,19,65,68,1,66,21,12,59,23,2,67,70,64,30,44,62,42,74,32,40,25,16,52,51,36,14,29,43,8,50,11,37,10,24,46,31,15,6,76,5,33,54,39,47,80,49,26,61,28,69,17,78,27,18,75,38,55,13,45,9,48,56,72,20,57,63,58,53,71,41,34
57,73,16,24,79,27,74,36,30,6,70,37,43,42,34,65,25,20,13,56,19,33,45,77,14,59,26,53,44,1,47,40,2,3,76,61,66,46,69,32,28,78,63,51,8,54,41,48,5,4,15,35,72,29,71,7,55,62,50,9,64,12,58,60,75,18,39,68,67,23,52,22,80,17,10,21,49,38,11,31
2,62,66,77,41,5,12,45,71,25,64,15,76,46,58,63,51,74,31,78,23,34,20,19,32,30,10,21,44,22,48,49,55,18,60,28,80,43,68,1,13,54,65,59,8,9,24,6,11,17,26,67,40,56,35,52,53,69,57,33,4,3,16,36,73,42,7,27,14,29,37,79,75,72,50,38,39,47,70,61
38,42,68,55,71,45,2,64,27,12,25,78,1,62,65,69,75,15,50,29,18,72,66,5,51,20,17,61,26,80,52,74,48,34,28,24,67,40,16,19,22,32,79,43,10,14,7,47,35,8,49,77,44,9,11,56,30,59,37,60,41,57,58,21,13,36,63,70,6,3,54,33,76,53,31,46,39,23,73,4
62,23,76,59,52,4,38,8,28,34,65,11,79,29,30,3,80,43,69,36,46,6,32,44,67,5,53,19,61,58,71,7,51,74,40,64,68,12,50,13,66,73,24,18,72,45,37,55,16,22,47,41,56,63,20,14,21,42,33,54,10,78,9,26,70,27,1,39,17,15,2,57,75,49,25,77,35,60,31,48
37,13,33,77,5,62,15,59,17,61,23,67,31,54,26,55,18,75,34,19,40,53,56,51,29,2,43,16,35,9,32,38,80,1,48,71,49,28,66,68,69,44,45,7,27,72,8,42,46,25,21,74,36,78,70,41,4,20,39,50,6,65,24,12,30,76,52,10,57,58,63,64,22,14,73,11,79,60,3,47
2,54,27,55,69,48,73,26,51,23,18,28,33,74,66,8,49,75,80,76,42,41,20,9,40,34,7,14,71,68,3,6,77,31,24,79,50,29,13,32,5,53,16,19,56,63,43,58,22,39,72,67,60,38,57,1,37,21,61,65,15,64,10,35,12,46,78,11,59,25,17,47,70,4,30,62,52,36,45,44
2,78,46,76,9,66,29,35,31,1,17,15,73,13,47,34,19,52,7,48,55,65,50,74,59,27,28,70,12,4,53,23,57,41,43,72,56,77,18,22,63,10,25,62,14,24,21,45,5,64,38,60,54,42,71,80,69,36,75,61,20,16,58,6,3,30,67,32,26,39,8,68,49,33,40,11,44,79,37,51
45,31,77,46,36,53,20,27,47,65,22,66,12,29,15,60,2,51,16,21,74,71,40,24,49,17,72,56,67,23,57,50,14,43,4,55,42,63,35,26,9,19,28,58,44,38,34,79,59,52,75,30,62,54,48,73,1,64,76,18,7,13,41,33,8,10,11,3,6,68,32,25,61,37,39,69,80,70,5,78
1,25,71,36,77,68,45,30,65,72,57,5,11,73,44,21,23,54,24,74,16,55,28,15,42,4,33,27,64,58,52,53,59,38,80,29,34,61,60,31,35,20,10,19,14,37,40,22,12,17,39,26,41,32,56,66,67,49,46,50,13,63,62,6,9,47,3,79,70,48,51,75,78,8,43,7,69,18,2,76
23,34,15,69,1,80,52,24,19,61,31,16,44,72,42,68,28,14,48,40,70,18,55,17,21,11,41,4,30,33,5,8,6,20,51,60,62,74,46,76,38,3,79,67,56,37,53,2,59,10,57,9,49,32,7,22,71,63,12,64,54,35,45,27,75,29,43,66,50,25,78,39,77,13,73,47,26,58,36,65
68,23,73,39,17,70,61,53,33,7,6,80,41,36,8,32,43,69,46,12,10,13,77,57,15,50,20,27,71,76,24,38,78,63,42,62,31,40,26,54,19,64,22,30,58,59,55,75,35,2,11,49,67,1,25,21,14,29,34,51,74,4,56,52,28,9,45,16,65,18,47,3,79,37,44,5,48,60,72,66
7,17,55,9,65,6,28,60,52,53,42,75,79,47,4,51,70,61,5,43,26,10,67,16,27,34,36,33,35,31,18,1,32,2,23,44,3,24,54,37,71,22,15,11,50,68,76,39,25,29,12,48,80,77,74,40,45,73,46,64,30,66,59,14,58,38,49,69,56,19,8,62,21,41,57,78,72,63,20,13
15,5,75,28,62,74,31,3,36,54,73,10,71,79,63,49,2,32,17,41,4,43,38,29,6,58,45,13,40,19,18,66,46,42,20,30,51,37,61,67,77,60,39,72,70,25,76,78,56,80,26,65,11,47,21,22,34,69,9,12,14,33,53,68,52,27,23,50,55,48,8,59,1,7,16,24,64,57,44,35
8,47,15,25,27,16,63,22,34,78,24,39,36,13,41,35,17,4,62,29,23,57,53,12,37,44,51,43,26,68,33,71,45,46,1,76,31,11,5,72,48,67,20,28,19,6,50,75,49,79,56,7,2,38,59,42,65,14,73,77,52,80,69,21,10,64,60,54,9,61,74,3,32,70,66,30,58,55,18,40
54,31,45,71,3,10,23,2,77,56,51,59,70,42,33,67,26,28,57,27,25,8,49,5,7,35,44,15,53,65,50,36,58,80,37,22,19,24,72,34,43,74,9,52,73,46,79,55,40,75,63,13,29,32,41,18,48,78,16,66,60,20,47,38,69,12,4,68,6,1,61,17,14,11,76,64,62,39,30,21
77,17,10,72,16,43,44,4,24,47,34,12,5,65,62,69,39,80,38,40,79,71,73,64,37,26,53,30,13,36,35,45,74,67,32,76,49,50,60,27,11,70,68,58,9,25,57,3,33,59,19,21,55,46,63,42,29,1,54,41,52,8,61,7,22,2,56,51,31,15,23,28,20,6,78,66,75,48,18,14
