90

59,69,25,60,2,16,22,79,39,11,74,34,46,81,76,15,52,84,58,8,30,12,44,13,23,45,31,82,26,37,87,41,40,72,80,83,64,85,50,62,63,77,4,68,28,53,47,89,42,55,71,65,20,57,3,19,88,86,75,36,10,70,73,7,32,5,14,27,33,56,38,61,54,18,29,9,66,90,21,24,43,17,1,6,67,49,48,35,51,78
36,20,17,42,82,43,58,38,37,28,50,59,83,8,56,89,44,21,22,13,49,87,2,61,51,19,46,16,23,86,34,18,79,47,1,65,90,31,54,76,12,27,39,53,24,67,63,85,48,80,32,88,9,4,25,62,77,68,75,81,64,57,55,40,41,14,78,26,74,35,69,84,15,45,10,70,29,72,5,33,7,73,3,11,71,52,30,60,66,6
63,31,20,88,64,8,69,81,80,7,77,21,78,16,22,3,59,43,17,73,79,10,42,15,38,28,65,32,19,89,85,47,68,45,62,40,71,23,13,37,90,76,53,54,36,26,72,49,11,29,39,83,51,18,87,75,44,57,60,35,61,12,27,25,82,52,67,84,2,56,33,46,5,1,41,70,66,58,14,86,55,50,74,30,9,48,4,24,34,6
44,69,22,72,24,10,55,78,77,80,88,33,74,42,16,62,49,85,71,64,38,58,23,7,4,20,61,1,39,31,14,18,26,68,29,57,86,2,51,70,46,32,15,89,43,48,35,30,36,37,28,45,52,90,41,40,65,8,19,3,79,76,56,82,73,11,53,47,81,59,34,50,75,63,5,21,67,17,66,13,25,6,9,60,87,84,27,54,83,12
9,45,53,42,71,64,30,66,31,68,54,23,41,35,73,48,58,7,65,2,14,8,52,20,5,21,33,89,82,1,63,19,75,85,62,16,49,84,28,36,15,76,59,40,32,34,3,26,78,17,55,60,72,4,43,87,10,79,24,67,22,88,11,6,51,70,74,47,38,12,80,18,57,50,39,56,13,37,25,86,90,77,46,44,69,29,83,61,81,27
32,8,70,52,53,66,59,62,21,68,17,9,18,41,75,33,87,29,60,74,49,3,22,72,45,27,7,79,13,88,34,23,57,28,80,38,25,42,2,46,43,12,39,86,5,90,6,48,65,54,71,84,47,26,85,14,73,51,44,16,24,63,56,35,64,30,19,76,37,83,77,15,89,36,31,50,20,55,61,4,81,1,67,69,82,58,78,40,11,10
35,28,30,13,9,5,58,67,16,19,44,75,69,41,85,38,31,60,22,39,42,18,71,68,63,25,50,89,26,10,49,51,70,45,64,17,59,8,27,77,47,1,61,78,3,21,81,74,34,80,40,2,82,20,37,53,66,15,76,7,54,29,12,83,90,23,11,6,87,57,4,46,56,72,88,79,24,62,43,33,32,14,48,52,86,84,36,65,55,73
5,88,47,33,38,8,49,3,77,46,6,72,52,27,43,90,34,35,53,22,2,41,4,64,18,71,86,70,29,20,37,36,55,81,31,58,10,84,61,66,85,67,7,59,48,15,24,19,73,63,39,30,78,80,50,17,26,28,32,83,60,40,11,57,42,68,13,21,69,62,12,87,76,23,25,9,1,16,75,14,44,56,89,74,51,45,82,65,79,54
16,54,47,49,71,78,1,22,34,67,33,58,11,2,85,65,15,42,44,7,27,88,20,6,56,23,60,53,86,50,57,18,32,70,8,73,80,39,63,25,76,46,55,5,10,59,75,14,66,17,19,83,40,41,51,79,36,35,87,90,68,52,48,3,4,31,43,21,62,29,37,81,30,77,89,24,38,28,74,72,82,45,12,69,64,84,13,61,9,26
16,56,54,90,89,17,24,58,49,30,7,1,71,3,8,10,52,66,34,33,51,43,45,60,27,13,9,77,38,55,61,32,53,78,22,31,81,68,15,6,11,47,26,44,82,25,69,76,41,42,35,39,29,74,14,23,64,21,70,83,40,5,28,50,36,46,88,85,65,12,48,84,63,19,62,67,18,20,57,86,80,75,72,59,73,87,79,4,37,2
53,72,46,28,66,54,68,45,77,32,24,89,33,14,38,48,23,30,49,56,76,57,27,90,29,9,51,22,84,11,13,31,87,26,55,41,2,7,12,52,21,43,19,4,42,65,82,34,81,69,67,74,71,85,20,63,35,44,39,60,37,70,3,88,73,36,8,25,17,75,86,1,16,18,78,15,6,47,58,64,50,10,61,80,62,59,5,83,40,79
6,79,5,44,61,48,33,53,20,39,25,86,83,67,11,2,43,60,18,70,47,14,12,26,85,65,87,38,52,3,42,68,30,40,45,51,15,56,41,50,4,55,80,10,72,77,1,74,71,75,37,17,9,7,29,59,76,84,19,69,62,81,36,23,27,34,89,22,66,90,57,78,28,24,31,58,46,16,54,49,13,8,82,73,63,21,88,32,35,64
77,38,74,70,28,67,73,14,64,82,13,40,15,41,42,56,62,47,25,8,44,88,50,31,63,45,34,51,26,78,54,4,3,29,36,85,60,55,80,18,69,16,12,39,58,76,53,87,23,32,72,75,35,30,81,84,66,24,6,46,17,10,68,11,48,59,79,89,19,22,83,20,43,90,86,27,5,7,9,52,61,33,2,49,1,57,21,65,37,71
32,22,52,82,78,41,5,28,34,43,9,57,45,38,51,75,1,90,74,69,23,6,44,40,39,65,20,48,62,72,66,31,7,25,17,70,15,64,79,12,71,68,56,8,24,10,42,21,58,36,54,86,49,35,67,4,53,84,73,29,27,46,80,26,47,81,13,89,18,83,88,85,33,11,60,76,61,16,55,63,59,50,14,77,19,37,3,30,2,87
50,7,59,2,25,52,27,88,80,87,6,64,47,19,31,73,85,58,67,33,15,49,36,76,21,16,83,78,82,45,71,60,56,30,38,10,66,89,55,26,65,77,8,70,81,44,9,79,54,53,63,34,69,11,12,41,75,32,22,20,40,61,51,74,68,39,84,86,23,1,24,5,14,29,46,3,48,18,13,57,35,90,72,42,4,17,28,43,62,37
17,77,69,52,50,15,37,33,74,3,13,85,49,34,62,29,11,8,40,75,90,41,19,24,67,4,2,30,56,27,72,54,61,51,26,35,70,9,48,38,1,10,31,58,55,22,36,89,39,78,63,23,53,65,80,68,16,57,18,66,6,71,82,76,28,42,81,32,87,60,79,47,83,86,59,43,88,84,7,5,73,20,14,21,44,12,45,64,25,46
32,41,87,24,39,70,57,42,18,7,65,59,45,62,60,56,74,81,3,84,38,88,73,79,16,34,29,80,89,86,67,6,36,64,83,26,25,40,22,51,5,19,52,11,37,35,77,17,58,4,28,78,15,63,71,90,2,31,55,27,47,21,48,76,49,12,14,44,46,33,66,43,1,10,30,13,61,75,8,68,23,72,82,50,85,20,53,54,69,9
34,40,15,80,77,18,53,66,6,61,3,9,62,37,70,39,8,35,84,30,22,56,44,43,31,38,65,28,17,74,32,52,36,72,73,83,13,79,88,82,51,60,50,49,86,63,81,20,41,25,29,59,75,69,12,64,42,54,2,76,68,1,89,21,11,85,19,5,90,57,4,24,26,33,45,27,47,23,58,67,10,87,71,7,16,14,78,48,55,46
12,64,80,10,38,58,59,72,55,37,48,43,8,34,29,17,5,68,53,30,77,79,57,24,27,52,31,26,51,75,19,36,28,76,1,32,50,16,23,56,66,63,7,45,83,69,42,40,41,65,18,44,13,2,78,33,87,62,22,74,84,47,90,46,49,20,73,85,89,82,70,35,71,3,14,21,81,86,25,54,15,67,9,6,39,4,60,61,11,88
62,64,77,61,81,88,57,27,65,23,21,3,42,52,86,20,56,68,51,40,39,87,84,36,12,85,25,22,66,53,30,16,76,6,71,78,73,47,1,44,19,31,82,83,7,72,69,32,5,48,63,38,33,79,90,14,9,24,2,49,70,10,41,59,75,18,45,4,29,74,13,54,37,60,50,11,46,80,28,43,58,17,34,67,15,55,26,8,35,89
49,74,21,30,26,83,12,9,90,17,20,85,69,43,11,47,22,53,87,61,4,34,54,88,32,40,48,46,14,19,45,35,50,75,76,24,81,84,64,55,1,59,62,77,66,65,82,60,73,89,10,68,27,70,79,67,31,33,78,5,16,71,23,38,15,63,13,2,80,86,41,8,7,29,56,72,6,44,37,52,57,28,42,25,3,36,39,51,18,58
85,63,42,89,25,88,77,78,74,55,39,80,13,54,75,58,36,35,2,40,3,47,6,44,66,57,27,33,68,46,45,41,23,73,87,22,12,59,8,70,28,19,84,56,61,52,16,48,32,4,51,29,15,65,50,62,20,71,69,43,37,82,79,64,31,67,5,83,24,9,81,7,11,72,18,17,34,21,90,26,53,38,10,86,30,49,60,1,76,14
41,15,36,46,39,87,42,68,47,2,49,89,29,33,32,81,9,5,4,44,3,10,58,38,69,27,74,53,26,54,70,90,16,17,76,22,20,48,11,19,12,79,78,28,88,7,66,1,62,72,60,18,73,77,52,35,61,37,75,84,21,25,34,24,65,8,83,55,45,80,71,56,14,86,82,13,50,40,63,85,64,59,30,57,43,6,51,23,67,31
63,65,58,82,54,38,36,2,48,17,79,9,77,71,30,81,5,68,40,32,27,49,21,83,46,6,57,51,11,8,88,13,86,28,3,29,78,62,44,76,23,64,39,15,72,22,56,43,66,73,4,19,45,53,87,85,75,16,10,80,34,14,74,41,31,18,60,12,25,26,84,70,90,55,42,59,37,67,35,33,20,61,1,24,89,47,69,50,52,7
9,50,19,77,82,7,27,5,14,21,58,36,42,88,25,43,17,76,18,51,46,11,55,66,13,73,47,87,32,56,20,84,29,22,44,39,6,48,69,4,86,38,24,40,79,53,81,63,70,3,26,10,78,90,59,61,64,8,41,15,80,60,45,23,65,83,12,34,31,33,30,35,68,75,2,28,49,72,54,85,1,74,52,16,89,71,62,57,67,37
70,84,9,55,75,1,5,32,4,8,69,27,50,63,53,89,40,39,80,22,6,33,38,74,81,20,10,61,51,85,57,23,24,67,78,72,87,30,52,76,73,77,66,26,16,35,71,19,54,13,42,46,15,18,44,47,88,29,45,48,59,65,21,62,68,83,3,7,2,11,82,17,58,79,49,12,86,64,41,31,43,25,14,28,34,36,56,37,60,90
27,82,68,70,83,85,31,84,61,19,90,35,39,59,10,56,81,18,74,57,13,63,8,16,30,50,76,66,89,62,77,52,48,53,46,45,25,36,69,34,47,38,71,86,28,58,23,55,20,1,42,54,73,78,87,32,21,17,11,43,6,79,72,9,33,65,4,29,80,15,7,75,88,5,37,44,41,26,40,12,60,3,22,64,24,51,67,49,2,14
10,36,41,39,12,78,67,90,11,52,84,35,50,58,81,65,33,43,25,3,53,30,42,88,59,79,37,76,7,62,24,83,82,71,85,45,23,13,9,6,38,17,80,89,19,1,54,26,55,73,66,86,40,49,51,87,72,14,69,75,46,77,56,70,63,18,15,61,48,22,21,2,57,4,20,31,29,32,74,28,27,16,5,68,64,60,44,8,34,47
55,6,4,46,16,86,65,72,74,2,85,9,25,23,21,26,57,89,24,19,84,5,83,44,90,38,79,73,20,32,41,63,35,51,58,42,81,52,59,71,39,50,49,53,17,15,61,18,40,43,37,80,34,77,54,36,87,3,8,27,68,14,70,12,13,88,29,67,47,28,33,62,30,48,76,60,78,22,69,56,82,10,64,1,7,75,31,45,11,66
71,2,16,79,89,7,58,12,66,30,18,77,22,54,82,19,9,3,61,32,64,44,45,78,29,56,6,26,5,90,50,65,88,34,33,8,42,75,38,81,51,60,15,74,59,14,10,67,57,55,27,53,84,47,39,63,25,80,83,31,1,46,23,76,11,62,37,48,85,21,4,69,70,72,40,87,20,28,35,17,86,43,68,52,24,41,49,36,73,13
89,58,80,15,24,37,25,57,67,17,10,50,13,61,79,42,70,78,31,28,71,6,59,35,40,49,72,21,8,55,85,2,36,39,53,22,3,62,32,16,20,54,83,23,77,88,12,60,5,38,14,1,19,56,90,74,73,11,86,4,84,34,87,51,27,69,33,81,48,9,66,41,75,47,26,29,52,76,46,45,30,63,7,82,43,18,65,68,64,44
3,63,18,8,64,32,82,54,67,5,35,88,1,58,65,40,6,66,23,9,31,85,90,25,13,33,48,49,61,60,42,84,77,87,79,28,21,74,80,11,56,59,37,76,72,51,68,57,16,24,70,47,36,50,14,78,17,81,19,29,71,12,89,15,73,46,75,86,27,55,41,52,53,7,22,20,69,43,44,26,30,39,2,83,10,45,62,34,38,4
52,67,13,37,33,48,27,77,39,7,1,10,61,74,22,57,44,15,31,56,89,76,14,47,24,20,60,59,18,2,25,71,51,55,23,6,72,28,35,65,46,40,30,16,64,87,12,83,11,49,75,82,3,19,90,17,85,4,45,5,38,50,53,88,26,42,8,34,73,66,32,69,21,36,43,70,78,86,84,58,62,80,63,9,54,81,68,29,41,79
74,43,22,59,68,1,32,15,31,5,84,21,58,44,66,17,42,10,6,73,13,27,69,64,55,8,23,63,57,61,87,89,56,30,24,36,52,83,45,41,9,85,51,71,7,82,26,29,70,62,20,11,88,25,60,49,81,4,2,78,3,34,16,75,12,76,77,79,37,14,86,33,18,35,38,72,48,46,40,47,50,53,65,39,80,19,67,28,90,54
52,84,86,26,6,27,12,65,53,57,80,1,30,36,4,70,11,32,88,77,16,42,10,38,48,28,73,89,21,87,51,2,60,34,7,61,85,82,8,59,76,46,75,68,72,78,81,74,54,79,24,33,41,67,45,35,49,5,37,43,50,47,20,25,39,62,22,58,17,31,55,23,18,13,56,66,14,69,64,90,63,71,19,15,44,83,29,3,40,9
4,12,68,21,45,46,78,7,70,79,42,76,36,17,34,8,3,53,28,87,56,89,75,44,67,37,69,24,62,88,26,1,15,48,72,20,64,23,11,90,52,35,81,85,65,16,50,25,66,6,71,49,57,47,13,19,10,29,39,32,73,80,5,54,14,74,38,30,9,59,60,43,18,82,77,33,40,84,63,41,58,83,27,55,61,86,22,2,51,31
30,7,19,28,12,36,51,70,71,61,34,81,32,23,54,9,8,75,56,84,10,25,65,53,35,68,86,88,66,80,37,62,40,77,15,60,39,63,31,76,85,2,73,44,43,41,29,69,50,74,4,18,49,48,27,11,33,24,78,20,72,42,46,67,57,16,13,52,82,90,79,22,59,3,14,83,1,47,58,64,38,87,26,55,45,5,89,6,17,21
35,44,25,71,30,60,3,26,69,56,34,55,81,40,32,63,46,73,52,72,51,49,6,7,18,78,89,43,61,48,4,13,21,10,8,54,68,16,15,59,50,2,86,11,74,19,58,88,75,64,28,47,90,80,17,82,14,31,24,76,66,29,23,57,53,84,1,27,85,38,37,5,87,9,36,45,20,33,65,79,70,39,42,83,41,77,22,12,62,67
66,74,14,31,54,44,29,24,48,4,70,13,38,20,60,63,1,90,15,67,7,18,64,12,68,61,11,28,57,72,49,42,8,16,23,79,51,47,35,89,59,81,53,22,40,56,2,58,76,41,87,62,21,6,65,80,71,83,69,75,36,9,10,50,84,73,46,17,82,78,37,77,5,19,32,39,3,25,34,27,55,33,30,26,86,45,88,52,43,85
80,4,71,9,45,55,67,15,29,35,34,65,16,36,13,75,39,90,83,50,48,18,14,81,84,32,38,43,42,66,76,77,54,73,59,26,51,40,22,33,12,2,57,69,8,58,79,72,63,27,74,60,30,1,5,87,41,46,20,19,7,86,24,62,17,82,6,10,88,21,53,47,28,44,49,70,64,68,25,89,11,23,3,31,61,37,52,85,56,78
37,36,68,90,15,57,44,46,26,78,27,72,81,31,58,69,22,6,3,43,49,25,5,20,88,11,65,34,52,54,60,9,61,17,50,75,83,39,70,4,62,14,51,23,48,73,67,8,86,82,53,30,29,40,24,76,35,55,2,74,32,64,18,84,66,13,87,28,42,38,85,79,21,45,12,19,63,1,71,41,77,16,7,47,59,80,56,33,10,89
21,6,82,60,90,54,77,87,4,33,85,76,81,3,27,71,12,5,37,55,1,89,53,50,15,84,23,83,75,64,14,25,79,38,39,22,31,66,26,46,44,43,69,41,62,35,13,18,28,42,61,24,58,19,70,17,30,57,29,68,20,45,86,59,63,74,10,52,7,34,47,9,73,72,2,51,40,49,36,16,8,88,65,67,32,78,11,48,80,56
45,10,76,77,9,44,42,13,55,5,18,11,74,21,43,36,68,16,39,75,86,58,69,62,29,59,3,78,25,33,52,83,34,22,27,71,8,82,90,87,26,79,4,14,32,67,89,84,24,57,31,51,7,61,49,1,66,50,40,81,48,60,64,30,6,19,38,41,72,56,88,20,47,63,53,46,65,54,80,73,70,2,15,85,17,37,23,12,28,35
2,67,35,48,31,38,52,40,29,28,17,27,54,79,15,32,5,85,34,23,33,63,55,73,50,21,66,9,37,83,26,41,8,74,1,80,22,84,13,3,11,87,75,86,57,77,36,90,69,62,12,25,58,16,56,88,20,45,82,43,81,6,70,44,30,4,78,42,53,19,47,68,72,24,65,59,10,76,7,89,60,49,71,18,39,46,64,51,14,61
62,81,82,67,66,52,70,33,7,23,75,89,60,57,65,27,88,56,47,77,8,28,40,34,35,61,86,45,51,12,64,74,13,1,22,59,71,25,53,48,69,73,9,31,15,78,21,14,24,5,17,39,16,49,44,83,79,37,42,54,72,11,46,26,6,38,41,36,90,2,18,58,32,76,30,68,4,87,43,84,50,63,10,3,55,85,19,29,20,80
48,35,29,82,1,16,10,31,55,54,36,9,51,63,37,57,42,24,49,61,89,11,28,13,39,70,75,73,62,50,59,83,21,74,68,81,64,87,34,41,32,69,44,47,53,7,33,19,78,67,18,43,8,80,72,26,85,88,20,6,60,77,12,30,71,46,86,45,40,65,66,76,22,27,4,58,56,3,5,79,52,23,25,84,14,17,15,90,38,2
8,16,89,51,81,1,50,18,17,61,65,64,46,45,5,63,21,3,90,56,44,11,26,71,48,88,9,47,86,78,66,54,42,25,60,27,34,13,82,15,67,49,58,31,36,59,39,10,6,52,70,23,19,4,2,84,20,14,53,77,30,43,75,35,83,73,12,87,33,41,22,72,29,74,69,79,32,80,62,55,76,24,28,85,37,68,7,57,40,38
82,39,78,8,80,65,58,28,60,2,73,84,59,90,29,34,83,16,76,42,21,74,46,56,18,19,85,26,22,57,35,88,27,1,47,33,75,15,87,77,7,48,81,86,5,69,12,14,25,45,11,64,79,23,4,55,31,49,9,32,63,70,43,66,13,52,24,89,6,71,38,10,68,50,40,54,30,44,37,41,51,61,36,53,17,72,67,20,3,62
72,30,14,18,57,48,21,85,50,11,35,23,31,34,29,84,20,33,64,67,74,59,52,13,60,63,17,83,81,80,44,78,69,1,62,24,10,32,5,87,54,61,12,43,42,45,53,49,65,25,7,86,4,38,66,16,79,22,76,6,51,39,3,82,77,46,56,73,28,9,36,90,88,2,37,55,58,75,27,68,89,40,26,19,8,15,71,41,47,70
2,35,40,5,12,72,29,71,50,32,30,1,8,44,66,63,36,48,69,25,42,39,9,3,45,6,19,41,56,18,57,46,55,31,62,60,23,86,54,22,65,13,61,49,83,58,76,81,10,52,27,28,78,64,38,14,68,77,33,59,47,73,11,67,85,82,26,53,88,89,20,75,34,70,15,16,4,87,79,43,90,74,37,7,17,21,24,80,51,84
11,78,35,48,6,27,19,24,14,77,65,63,74,3,69,4,75,66,47,46,88,12,87,2,32,76,55,86,40,15,16,45,49,18,50,68,51,21,89,10,72,84,8,39,81,64,22,59,5,43,85,36,44,54,67,31,90,80,26,7,25,70,62,52,34,42,60,73,20,38,83,29,57,82,13,9,30,56,17,58,41,28,37,71,53,61,23,1,33,79
53,49,4,28,58,56,15,65,12,41,57,72,48,25,88,59,18,23,89,44,29,87,82,20,34,78,68,64,81,1,39,11,67,33,8,32,3,22,76,80,63,31,38,37,5,35,46,9,24,47,75,10,52,26,77,79,7,86,43,21,16,66,70,60,17,90,2,19,71,36,45,40,54,85,55,69,14,51,73,84,62,74,6,13,61,42,30,83,27,50
90,44,77,6,36,68,17,62,78,71,69,3,42,70,11,32,4,8,30,5,81,74,19,79,65,83,67,37,63,54,53,80,45,33,89,51,14,46,27,16,64,75,34,39,2,52,24,38,41,1,59,23,7,29,12,40,56,9,87,21,58,76,86,55,84,18,82,25,88,47,66,28,57,43,48,61,22,60,35,31,10,73,15,26,50,13,49,72,20,85
17,72,23,42,43,69,3,45,81,11,24,82,22,27,86,53,58,79,36,14,48,50,90,70,64,44,76,4,38,78,13,62,19,41,6,59,89,46,85,39,16,74,84,35,7,8,49,54,37,20,2,67,63,21,5,75,66,18,31,51,34,10,87,73,80,28,56,55,57,61,60,77,65,33,25,1,29,9,30,52,83,71,47,26,40,15,68,12,32,88
76,87,13,7,53,79,90,78,4,24,30,84,43,32,34,61,40,38,88,9,16,3,19,55,77,10,49,25,36,66,27,67,11,37,42,75,29,83,1,64,47,45,50,56,35,14,31,86,20,54,60,5,33,69,6,46,28,58,63,26,2,57,65,18,8,23,22,44,80,70,73,41,71,52,15,12,72,17,51,85,39,59,82,74,62,21,89,48,68,81
47,23,83,88,33,80,45,64,22,8,48,1,37,72,66,40,15,79,36,62,35,56,3,51,43,61,75,31,28,55,63,2,39,13,4,57,78,34,54,11,70,59,49,44,25,27,42,32,21,90,41,38,14,65,16,82,26,73,50,60,81,89,53,84,18,52,19,58,69,71,12,7,24,46,67,87,77,85,29,5,86,20,74,17,30,10,68,6,76,9
16,41,89,10,9,60,7,85,27,38,84,34,74,90,46,51,66,24,57,30,72,53,12,56,33,59,69,55,29,88,14,75,40,49,47,1,45,71,63,36,64,68,19,20,23,83,39,86,13,11,80,22,26,18,50,2,54,3,58,6,76,42,67,21,4,87,8,81,15,5,17,82,78,77,52,70,25,48,65,28,73,43,32,37,62,44,35,79,31,61
59,11,3,70,27,82,61,77,23,41,10,2,45,26,19,56,90,73,57,64,84,49,71,52,35,14,55,22,5,54,39,50,33,6,65,46,62,58,25,89,66,9,20,4,67,32,51,68,29,18,47,53,83,87,28,42,78,79,38,69,81,44,37,16,12,60,1,34,17,75,7,43,8,36,86,88,85,48,76,13,80,30,15,31,40,74,72,21,24,63
89,80,85,45,35,64,53,58,63,36,22,27,6,73,55,57,25,52,66,60,86,87,10,62,34,24,74,82,44,49,90,72,4,67,61,37,76,16,13,14,84,68,88,47,33,30,46,38,54,21,19,18,75,43,31,17,15,48,41,71,12,28,40,2,50,56,83,69,70,51,1,20,26,77,32,7,23,9,5,65,79,78,42,29,81,8,59,39,3,11
72,66,67,87,88,56,89,65,12,70,22,37,10,46,9,4,84,36,71,39,24,54,49,55,20,13,52,35,28,86,53,34,33,31,15,40,26,81,83,42,75,38,41,30,47,21,16,60,64,82,23,79,29,1,3,63,85,14,73,76,7,8,50,45,62,51,90,2,80,32,11,5,74,59,78,18,6,48,77,57,44,27,25,61,58,68,19,17,69,43
24,68,16,77,2,25,83,54,82,75,3,65,50,22,46,53,28,12,32,48,58,27,14,23,81,39,63,7,90,74,20,5,62,13,18,51,30,43,33,66,45,8,89,79,87,35,88,76,67,60,71,17,57,69,19,11,56,36,61,86,37,72,9,6,52,1,59,31,15,64,38,4,47,21,80,84,78,55,70,10,73,34,29,44,85,41,40,49,42,26
54,28,17,6,44,36,82,20,22,66,9,15,79,64,2,7,43,1,76,26,48,83,24,32,37,78,33,59,41,73,68,35,60,12,90,63,11,10,72,39,84,19,86,49,62,13,52,85,23,30,87,47,18,4,3,53,89,14,69,74,67,42,51,71,58,31,50,16,21,88,61,70,27,77,5,81,34,40,55,38,80,29,8,46,75,45,65,25,57,56
80,77,49,74,21,75,11,89,69,79,72,59,13,37,25,35,27,38,73,5,7,12,50,39,2,16,34,48,6,44,10,23,85,90,76,45,86,65,71,9,56,52,33,57,53,78,24,54,84,64,3,1,18,31,40,62,8,60,14,61,63,29,15,88,4,28,70,87,30,17,58,81,22,82,26,43,68,83,20,51,55,42,32,36,66,47,41,67,19,46
82,32,23,22,2,5,57,53,14,30,54,84,12,65,66,10,46,88,74,24,29,15,21,62,85,83,45,59,3,8,49,39,68,80,33,56,81,42,9,75,35,47,41,44,90,86,58,17,63,48,4,31,43,73,36,51,34,79,11,40,19,64,60,18,37,52,50,28,69,1,87,76,20,89,55,7,72,38,16,13,67,77,27,61,78,71,6,26,70,25
29,7,32,55,19,34,72,16,64,49,39,70,21,24,53,20,14,57,48,82,69,54,30,27,33,43,60,12,78,68,38,75,65,58,1,88,77,66,23,83,28,67,73,41,44,35,56,52,63,18,79,17,90,85,25,86,5,81,46,80,59,51,2,6,42,4,45,89,36,61,71,87,10,31,74,3,84,62,11,9,13,76,50,26,8,15,22,40,37,47
23,18,43,81,15,71,45,61,28,21,36,13,82,76,42,51,55,74,14,89,53,27,8,3,16,24,39,48,83,38,66,84,5,22,49,4,35,62,68,88,25,90,19,12,72,87,20,37,47,1,54,85,59,70,78,86,60,63,17,56,46,50,40,30,80,79,34,11,26,10,67,52,32,6,73,7,41,44,77,29,75,9,31,33,69,58,64,65,2,57
58,84,51,17,56,45,33,15,50,62,80,36,2,70,37,77,72,48,38,11,3,43,66,18,81,10,23,47,65,8,14,20,71,5,82,22,49,44,60,29,57,89,63,75,41,90,32,40,9,28,21,73,27,54,1,53,87,31,69,64,59,52,30,6,79,86,24,19,85,42,83,78,26,76,35,12,55,67,13,4,34,16,46,7,88,74,39,61,25,68
87,80,15,16,76,46,63,21,81,20,75,64,73,56,37,34,25,50,42,88,82,1,11,13,59,84,26,40,35,89,31,14,77,61,78,70,48,23,10,5,2,74,65,22,67,58,79,3,38,33,45,53,8,62,43,18,36,66,32,29,68,83,27,17,39,90,86,72,69,41,4,57,47,52,54,51,28,19,9,55,30,12,85,6,71,60,24,7,49,44
81,31,59,26,70,42,64,80,7,19,38,79,9,52,2,16,17,55,27,23,65,86,78,58,11,36,84,1,30,67,33,6,43,29,4,28,73,46,76,3,87,89,48,90,10,40,60,68,75,45,15,88,25,71,61,22,69,56,13,12,34,57,47,72,37,77,35,51,74,82,66,50,44,54,39,18,14,8,32,24,53,5,41,62,85,63,83,49,21,20
54,47,13,2,35,18,80,28,43,87,51,21,42,31,70,8,50,34,57,82,39,71,59,41,14,60,58,65,75,11,10,88,68,79,84,78,12,66,1,62,63,7,15,16,48,40,77,64,36,37,33,38,9,67,6,19,27,46,20,17,90,32,56,61,76,26,52,25,49,73,23,85,53,22,55,45,69,3,5,30,24,89,83,72,74,44,29,4,81,86
79,13,55,59,38,71,11,54,68,8,44,32,29,85,24,39,78,67,27,83,56,41,9,47,87,66,3,15,50,19,70,45,40,49,75,7,52,21,64,36,60,89,31,48,74,23,46,30,65,28,16,76,35,84,62,72,81,22,12,82,6,33,10,57,90,43,53,77,5,26,25,86,17,14,34,42,61,63,1,37,4,88,80,69,51,73,20,2,58,18
42,2,69,30,38,6,81,83,53,39,65,79,77,28,56,17,9,15,64,11,50,47,59,5,31,34,8,19,66,60,84,16,89,62,67,33,21,87,78,86,63,1,14,3,76,49,27,48,57,4,68,58,55,74,80,82,71,29,41,73,20,13,70,46,51,10,36,32,24,25,18,75,72,44,26,37,7,85,54,40,43,23,88,45,12,35,90,52,22,61
84,24,22,77,55,68,7,17,5,65,12,6,73,28,49,64,50,15,69,4,51,32,71,52,35,23,38,67,79,39,54,45,78,37,88,1,72,56,75,44,63,31,3,9,59,58,21,61,53,47,42,19,57,43,66,2,62,20,82,41,16,25,34,30,14,18,11,13,87,33,10,8,29,40,80,89,27,90,81,26,36,48,70,60,76,85,86,46,74,83
54,69,51,38,4,88,46,35,62,37,25,72,8,40,86,64,74,81,9,23,31,56,65,55,66,3,44,76,6,63,45,21,49,20,70,75,87,59,39,50,67,16,7,24,73,71,57,84,12,89,47,29,83,85,36,10,78,30,82,28,43,18,11,27,79,34,77,14,15,90,80,42,60,1,52,48,26,5,13,17,22,33,41,68,58,2,61,53,32,19
44,17,88,82,51,13,16,37,5,86,19,68,28,57,14,87,46,60,50,1,77,83,71,10,45,63,32,36,55,12,79,4,3,58,53,33,31,23,64,35,65,76,43,74,8,38,52,20,70,85,42,11,48,62,30,81,73,27,25,7,34,69,59,21,41,90,72,29,2,9,18,22,89,56,80,61,6,84,47,75,54,66,26,24,15,39,67,78,40,49
69,78,65,36,49,20,70,60,25,53,42,10,59,14,7,90,33,68,67,47,61,9,63,56,34,26,44,18,16,21,41,12,35,86,6,43,71,51,11,62,31,85,8,39,23,55,54,38,48,84,40,58,28,73,66,5,4,17,75,77,45,30,15,2,46,32,52,50,64,80,3,72,57,1,22,83,87,24,74,81,76,89,13,37,19,82,29,79,88,27
17,51,36,11,20,44,79,46,43,76,58,8,57,15,72,18,66,64,59,67,87,68,37,7,52,83,69,53,28,89,38,32,16,85,1,70,84,35,27,33,60,78,25,41,74,77,49,71,3,50,29,31,9,12,14,47,81,2,82,40,48,45,75,26,24,13,34,80,4,5,30,6,73,55,42,61,63,39,54,19,86,88,65,23,21,10,22,90,56,62
43,68,30,33,49,32,37,60,76,25,18,2,19,87,59,26,86,44,72,51,21,46,62,6,40,55,52,67,73,84,17,75,53,9,13,81,50,57,85,71,34,39,27,65,24,1,38,48,64,29,20,77,15,42,74,69,23,54,63,16,7,80,8,36,11,22,3,61,10,14,45,66,28,4,79,5,58,12,78,83,41,35,89,47,88,82,56,70,31,90
34,63,89,76,80,45,17,9,36,67,24,53,39,60,56,81,70,28,48,43,49,41,10,2,85,58,88,78,44,21,73,4,5,68,22,42,7,6,16,87,29,25,1,52,12,50,40,79,15,59,75,90,3,23,26,35,38,77,54,55,31,61,72,8,82,18,32,64,71,66,84,69,86,13,33,57,30,65,46,47,20,37,83,27,51,62,11,19,14,74
50,13,23,82,8,20,60,57,22,39,36,64,59,40,42,21,74,90,73,86,17,26,7,11,79,55,6,54,51,16,63,9,5,44,88,85,31,10,58,2,77,53,32,45,75,19,34,18,56,66,62,89,70,68,14,80,72,61,84,27,83,41,25,15,35,78,12,87,29,65,28,33,1,48,43,71,81,4,24,49,67,47,46,76,52,38,37,3,30,69
17,9,31,46,59,41,32,75,88,68,3,55,26,47,62,57,51,16,83,87,65,45,70,44,27,23,67,30,7,28,72,66,43,69,58,40,80,29,50,34,18,4,81,53,74,25,37,56,85,15,49,12,11,90,78,36,89,42,6,52,76,14,60,24,79,1,8,21,13,38,82,54,64,86,77,2,20,84,19,39,61,35,33,63,10,22,48,73,5,71
25,14,54,86,6,36,7,58,31,82,17,30,34,1,29,75,71,63,33,51,44,62,72,65,50,90,85,67,24,66,42,84,11,76,19,73,83,3,39,80,37,16,8,38,22,9,12,47,26,48,10,74,28,87,56,55,81,35,89,40,59,64,49,79,53,60,15,18,32,41,13,61,78,52,20,88,70,4,57,27,69,43,46,5,21,45,2,23,68,77
30,76,49,23,63,62,53,87,39,44,58,83,16,59,75,3,29,36,20,85,5,60,6,54,33,14,64,70,67,40,21,31,61,26,15,34,74,78,24,73,37,77,11,22,84,89,86,82,51,88,32,47,19,27,43,56,9,41,1,69,42,81,55,17,8,46,90,80,68,48,38,25,45,52,35,66,13,2,57,28,65,4,18,79,72,12,10,7,50,71
90,25,81,72,89,30,80,4,18,7,31,67,51,55,71,20,48,73,42,87,61,44,15,37,23,41,34,17,11,43,78,27,74,9,22,75,14,50,8,28,36,84,29,38,76,35,58,24,33,12,13,47,66,56,19,62,16,70,39,63,2,82,6,59,69,88,54,5,64,49,40,65,85,53,77,26,10,32,1,45,46,68,21,60,3,52,57,86,83,79
55,50,8,21,76,2,79,28,74,44,69,56,67,83,65,26,33,11,57,9,90,40,5,52,34,36,32,24,41,45,59,23,29,72,62,81,51,35,73,58,14,3,88,42,46,80,63,84,48,53,30,43,10,6,19,1,68,39,22,61,71,70,47,15,78,12,64,66,85,89,17,16,86,13,54,20,7,25,27,82,77,75,60,37,4,38,87,18,49,31
20,65,23,71,44,50,34,62,80,26,27,57,1,13,12,49,76,22,4,67,40,79,16,36,31,32,53,84,15,39,69,46,24,18,5,82,83,60,37,66,59,30,2,70,35,68,86,41,3,61,51,14,29,17,78,72,25,28,64,58,89,54,77,88,11,45,73,74,75,63,81,10,33,85,52,7,55,87,6,38,56,21,19,8,47,43,9,90,48,42
31,90,13,78,19,79,42,4,50,23,84,15,85,11,55,7,8,64,16,1,3,71,6,70,38,32,29,66,60,72,40,83,88,24,12,89,18,80,44,10,43,26,86,14,74,54,22,52,21,30,87,81,39,75,57,47,46,27,45,76,67,69,41,5,65,37,20,28,49,53,59,34,77,35,17,9,36,68,61,82,56,2,63,51,62,73,58,25,48,33
40,43,36,61,71,83,79,70,55,12,60,45,23,86,17,53,15,35,76,59,84,56,41,16,14,65,54,73,52,69,78,8,90,20,4,51,89,9,33,26,85,88,75,66,1,27,30,5,34,21,18,32,80,37,44,68,31,74,22,2,81,49,39,10,67,62,58,11,63,3,47,7,24,38,64,87,29,28,72,25,13,42,48,82,50,19,6,57,46,77
16,13,23,58,7,50,14,37,21,38,76,1,70,24,22,60,78,35,64,85,3,17,77,81,59,51,41,30,20,27,44,90,8,65,42,54,55,82,6,5,39,47,83,26,61,67,25,75,48,11,73,71,52,40,9,86,43,79,84,62,10,34,19,15,66,45,18,88,89,12,72,69,56,31,32,87,53,49,28,46,2,80,36,57,63,4,74,29,68,33
49,67,34,79,40,30,5,46,33,82,32,89,65,43,27,52,86,75,71,42,53,81,35,60,87,57,88,73,51,47,62,10,39,64,4,69,80,56,72,21,76,1,23,78,19,31,11,48,13,9,63,26,18,68,66,55,38,77,17,16,90,3,24,14,37,22,44,58,36,7,84,50,12,29,20,41,54,83,25,45,59,85,6,2,8,15,74,28,61,70

62,12,46,6,63,50,19,55,22,38,15,68,5,28,18,87,80,14,41,26,29,17,72,8,67,27,39,57,1,20,40,7,85,53,71,66,74,69,23,10,4,37,81,34,56,58,51,44,65,3,45,49,13,76,75,9,86,54,16,11,47,48,21,77,83,42,24,59,2,43,52,88,33,82,35,90,25,32,64,79,73,78,70,36,84,31,60,89,30,61
58,67,87,16,73,1,5,35,78,52,81,89,12,61,66,49,15,46,30,3,86,75,80,36,70,21,28,82,37,69,74,9,22,68,39,20,25,63,10,17,29,33,50,65,84,47,60,83,26,55,76,54,43,56,13,4,51,24,90,79,48,40,18,71,57,64,2,6,11,41,8,62,23,85,34,14,53,38,32,59,45,31,7,27,42,72,88,77,19,44
90,31,43,75,1,86,3,81,22,73,30,40,76,77,64,45,8,60,89,67,59,28,69,87,49,80,37,66,10,6,19,2,82,51,13,84,32,27,39,85,65,48,78,21,14,57,63,5,9,20,17,58,53,46,4,26,25,70,35,38,62,74,23,18,12,29,24,34,83,54,68,42,52,11,72,55,33,44,50,16,79,7,41,61,71,36,15,88,47,56
42,71,67,33,38,78,17,48,53,10,7,55,27,25,1,90,14,58,44,47,50,9,13,73,12,70,57,79,68,43,69,31,18,61,85,66,75,32,56,83,36,22,37,6,60,63,23,77,29,8,52,84,20,82,41,88,46,51,64,72,80,21,89,81,49,54,2,34,28,19,87,65,39,4,35,3,15,5,24,11,16,45,26,30,74,59,86,76,62,40
26,27,73,2,85,75,44,48,80,11,20,52,50,84,43,19,38,17,32,53,90,39,33,70,42,49,56,88,54,8,61,37,72,63,40,9,1,78,16,46,62,60,18,81,76,6,82,71,14,68,59,25,69,31,86,67,29,13,55,15,3,41,35,7,77,89,83,51,36,4,57,74,12,24,28,22,34,65,45,30,79,64,87,47,58,5,21,66,10,23
85,10,28,48,38,17,62,54,47,12,42,55,87,13,57,19,21,74,63,4,86,1,49,14,2,56,41,51,66,31,60,29,90,3,6,71,61,36,67,22,34,32,75,82,7,81,44,68,89,69,8,16,25,23,84,37,40,50,20,18,83,39,80,78,33,53,15,35,11,72,88,30,26,64,70,52,5,77,58,46,79,76,27,9,73,45,59,24,65,43
65,81,62,5,60,59,68,8,70,13,87,22,19,10,63,50,23,69,56,33,61,37,16,75,30,77,80,64,84,20,83,32,35,78,79,88,28,54,2,41,90,48,34,24,6,1,66,49,86,21,51,53,57,44,11,39,45,38,3,17,47,46,71,40,4,73,14,26,67,58,7,29,82,9,52,55,74,76,72,31,89,18,36,85,43,42,27,15,12,25
44,50,79,12,37,60,24,19,73,75,6,57,33,83,3,42,62,61,45,4,14,30,21,11,84,25,36,2,53,68,23,32,51,77,88,46,43,16,34,70,40,64,9,17,87,71,39,52,72,47,7,63,49,58,78,29,15,27,81,1,85,67,74,28,54,69,10,18,5,86,20,89,55,59,35,31,48,8,80,56,76,13,41,90,26,66,65,38,82,22
15,88,83,76,7,70,24,16,25,17,26,84,45,3,51,22,31,63,41,28,80,36,86,82,5,19,34,47,62,6,90,23,55,4,67,8,61,85,10,20,59,38,81,39,50,77,13,30,1,54,73,56,32,89,65,64,53,11,87,12,40,43,69,74,60,14,35,2,37,71,9,66,27,78,46,68,33,42,72,79,52,48,75,18,44,57,29,49,58,21
5,57,38,44,53,82,55,9,41,32,7,64,23,70,39,51,75,24,17,74,47,27,42,83,79,59,87,65,20,78,50,61,90,35,11,8,68,88,85,69,3,72,31,60,18,81,66,56,2,25,54,26,43,77,13,12,67,15,71,29,58,37,46,33,34,76,21,73,84,63,16,62,48,14,19,40,80,45,89,10,52,1,28,22,6,4,36,49,86,30
3,25,58,50,9,56,78,8,90,1,15,45,57,84,36,83,16,30,54,47,77,61,34,65,18,43,19,7,2,72,28,64,20,86,29,70,46,22,39,75,21,82,17,59,69,67,74,11,12,38,35,89,44,79,6,40,63,5,85,80,71,24,41,32,37,27,10,81,73,14,76,13,42,51,66,53,4,87,62,49,55,68,26,23,31,48,52,33,88,60
29,23,79,13,1,55,33,44,57,25,78,40,46,85,70,41,38,49,30,7,59,16,50,8,51,5,74,2,19,56,15,36,14,64,6,72,9,22,90,77,82,39,68,32,12,42,26,17,54,75,80,87,52,35,65,31,3,10,66,27,83,73,45,20,60,11,43,34,21,84,4,63,28,71,61,86,48,18,81,53,67,37,24,89,62,47,76,58,69,88
13,28,87,58,27,37,63,61,14,32,18,54,51,41,75,73,67,82,4,8,69,3,76,70,77,80,71,65,62,55,49,83,85,72,36,39,46,6,12,23,81,68,79,15,66,25,9,22,17,10,42,78,88,33,86,59,24,90,84,57,21,30,11,74,50,47,16,20,48,38,56,5,35,43,44,1,7,60,19,64,53,2,45,29,26,52,31,89,40,34
78,49,39,10,11,66,2,71,57,23,84,64,20,28,25,83,69,35,61,16,18,38,32,85,82,6,27,62,72,87,65,8,55,22,1,47,12,40,5,68,70,88,30,9,75,19,63,90,4,58,24,52,13,80,43,53,21,44,36,37,41,51,15,48,26,54,79,76,73,33,89,77,46,56,42,74,31,60,81,7,17,86,3,59,34,14,50,45,29,67
67,89,42,4,68,74,10,37,21,85,18,63,30,59,24,34,73,79,88,33,35,1,19,90,72,55,53,83,47,31,36,29,40,66,32,60,69,58,77,23,38,9,28,70,56,27,8,62,43,81,82,3,12,64,57,65,39,11,80,71,84,49,25,75,26,48,51,87,14,78,22,52,17,41,2,50,86,54,7,13,76,20,44,15,45,46,61,16,6,5
24,75,63,83,59,89,46,29,77,18,28,72,19,5,45,84,56,47,8,7,34,76,52,11,70,13,90,1,78,79,41,35,60,37,9,53,15,43,88,71,57,66,69,87,61,3,55,27,80,82,85,65,23,31,39,54,25,50,36,73,62,21,86,4,49,32,38,2,68,44,74,33,48,14,17,64,16,12,22,51,40,30,81,67,10,20,58,6,42,26
29,61,86,23,14,79,17,3,55,66,72,25,42,65,77,49,33,46,76,70,35,78,69,50,44,52,68,60,13,85,2,9,83,26,27,41,15,5,34,56,11,24,18,7,19,47,38,43,45,21,36,57,8,82,53,84,1,16,22,12,73,28,64,59,71,40,54,62,58,6,80,63,39,20,51,89,87,32,81,10,67,74,4,37,30,48,31,90,75,88
12,9,11,73,5,50,42,1,7,69,80,17,61,59,22,72,85,86,2,70,87,34,89,83,63,48,24,35,67,31,76,39,6,64,32,15,65,14,21,58,40,36,66,75,19,28,82,84,52,3,18,53,71,20,54,77,49,23,26,90,56,55,29,33,4,47,27,74,57,10,13,51,62,25,45,41,16,44,46,60,81,68,8,30,43,88,37,78,79,38
62,79,86,21,39,83,26,45,42,69,80,88,74,17,78,36,56,5,2,18,51,66,49,85,20,58,64,40,27,65,43,53,35,50,48,87,55,11,32,7,3,60,31,33,14,61,13,57,54,4,67,89,24,52,44,22,10,9,16,46,28,84,90,12,75,72,37,19,59,1,63,70,29,8,81,34,30,68,76,71,23,25,77,6,47,41,82,38,15,73
27,14,63,79,33,85,74,56,49,81,62,54,43,40,58,15,45,50,90,28,34,2,5,64,68,44,60,42,3,41,67,13,20,10,12,80,9,82,71,83,59,87,86,26,47,32,46,16,6,48,24,75,69,73,35,88,30,57,23,29,72,66,36,52,70,89,31,21,51,18,39,78,38,25,61,65,37,1,7,22,17,76,19,11,77,53,4,84,55,8
70,29,8,45,76,44,52,64,42,38,21,53,28,48,55,77,9,68,11,26,18,12,14,23,3,88,32,84,10,86,89,63,56,66,71,81,69,61,87,16,90,20,72,60,83,17,22,46,2,85,67,30,13,78,80,25,57,54,74,51,27,15,39,49,62,37,24,5,82,47,36,34,35,31,50,73,79,6,59,43,75,40,33,65,4,1,7,19,58,41
83,14,4,12,79,75,2,58,3,90,1,80,29,77,21,23,54,73,67,36,30,6,37,63,9,87,84,17,78,27,86,71,49,24,60,34,8,11,43,48,31,10,88,38,39,46,81,56,19,20,57,64,15,59,50,85,51,55,69,70,72,61,45,44,89,82,76,42,41,52,47,5,35,68,40,22,65,16,13,66,32,7,53,18,74,33,62,25,26,28
89,24,62,2,14,64,76,86,41,36,71,47,29,54,65,74,79,67,28,27,26,3,8,85,57,20,10,39,44,7,33,51,70,38,88,50,23,49,80,12,16,59,68,32,17,35,69,56,1,63,83,25,60,9,42,19,4,48,6,30,78,34,58,52,40,55,45,87,77,11,22,90,66,72,43,13,61,18,75,37,15,5,21,31,73,84,82,81,46,53
44,72,46,53,54,25,6,7,15,38,18,35,31,11,3,61,58,74,83,57,48,84,60,32,45,66,13,71,88,89,52,87,81,59,2,50,24,10,8,19,80,47,77,70,64,29,79,43,9,40,4,56,36,90,63,41,51,62,55,5,28,65,30,69,73,75,1,22,67,68,23,17,26,27,86,34,12,42,49,16,14,21,85,33,82,39,76,37,78,20
3,6,36,43,23,45,68,32,17,90,9,52,67,50,8,22,62,61,4,76,88,5,87,65,41,16,2,80,48,39,11,24,38,75,13,44,18,59,64,69,33,56,42,37,60,57,27,19,26,89,51,78,73,71,7,46,29,12,84,1,86,10,30,77,79,53,20,58,54,31,72,66,35,74,21,81,82,47,70,14,34,49,15,40,85,63,28,25,83,55
32,90,59,31,69,60,3,40,62,10,41,85,9,35,6,82,25,78,12,46,16,75,58,13,22,79,29,86,1,49,81,77,18,42,27,8,43,21,23,57,4,48,83,54,45,68,84,63,7,26,24,70,20,51,56,76,38,67,39,19,34,80,65,55,72,14,64,37,50,73,53,30,66,52,88,15,33,44,89,47,36,87,2,71,17,11,5,74,28,61
10,57,85,24,16,51,7,2,62,44,19,4,72,55,9,33,40,79,52,90,34,64,39,74,6,89,15,38,73,67,26,20,76,23,81,58,71,25,48,63,29,30,36,31,28,61,49,65,60,13,42,8,75,17,84,88,70,45,78,53,43,3,87,14,56,47,86,59,32,68,5,66,11,22,82,50,69,18,37,46,27,1,35,21,54,12,80,83,41,77
64,74,61,21,25,52,55,6,50,19,36,66,60,75,37,29,30,65,82,51,54,87,46,23,39,26,28,14,20,81,71,69,8,41,38,11,40,18,13,48,49,9,62,27,85,89,45,79,78,31,44,59,77,70,5,63,88,7,76,1,10,34,47,83,35,80,53,43,90,56,33,84,72,15,58,67,73,22,12,24,16,57,3,42,4,86,68,32,17,2
41,55,18,35,45,25,40,6,66,52,79,22,19,85,3,83,81,68,20,77,7,62,82,69,34,13,8,86,4,46,15,27,42,57,37,60,70,31,10,44,76,32,56,12,11,50,17,75,26,36,1,23,9,21,14,90,30,64,38,28,73,2,49,67,61,71,43,84,72,53,87,78,48,88,65,29,63,33,58,47,54,51,74,89,24,39,59,16,80,5
41,14,37,22,57,75,72,74,63,71,23,60,34,67,81,29,52,79,13,53,24,82,58,69,66,44,49,8,88,38,43,39,30,42,26,4,78,16,20,62,19,18,54,46,56,25,87,21,36,59,35,68,11,45,86,80,48,89,7,1,51,73,61,2,31,32,84,12,27,55,28,83,10,76,85,6,70,5,50,77,40,9,33,47,17,3,15,90,64,65
48,30,67,34,73,83,61,24,39,14,23,29,4,42,84,5,35,19,13,63,10,18,70,32,78,12,76,38,52,51,62,17,53,47,2,45,9,88,26,71,33,43,3,22,69,75,66,89,87,90,21,82,79,54,40,11,1,8,25,6,31,80,20,49,77,15,68,7,55,72,57,65,16,37,58,36,60,41,64,44,46,85,86,74,56,59,27,81,28,50
56,83,49,16,81,4,89,8,53,70,37,36,67,39,87,30,86,43,44,28,72,32,61,21,14,73,84,34,48,63,11,22,35,20,12,47,26,62,31,42,74,13,9,64,71,40,79,41,18,6,57,3,17,90,68,23,82,19,85,69,59,55,7,52,27,38,10,25,78,75,66,60,58,80,29,5,2,76,65,15,45,1,88,77,54,51,46,24,33,50
9,5,62,21,24,12,45,71,87,77,82,49,89,11,83,14,19,29,16,54,34,69,25,4,41,86,64,28,44,90,47,81,22,80,7,66,79,56,59,39,31,3,1,75,84,13,23,58,55,32,88,26,51,15,37,27,63,2,42,60,48,8,70,18,43,76,6,38,72,53,74,67,68,40,36,85,52,50,10,78,46,35,65,17,73,30,61,20,57,33
75,89,81,7,44,6,34,73,57,79,33,25,86,20,28,38,17,53,18,2,88,50,77,16,10,48,65,69,22,68,74,72,5,46,21,37,71,12,51,45,26,41,82,70,4,39,67,13,36,59,35,27,56,29,9,24,84,80,15,40,1,85,60,63,66,49,62,47,23,42,54,87,61,19,43,58,78,64,52,83,8,55,90,14,3,11,30,31,76,32
45,90,27,52,10,38,8,26,66,11,1,58,71,13,44,37,72,20,24,17,53,56,31,32,55,40,28,43,68,48,74,5,33,84,14,34,30,50,77,70,61,79,39,87,19,29,18,3,64,42,41,57,85,15,69,36,82,83,2,75,22,62,12,7,63,35,86,49,6,47,60,78,4,59,73,80,54,65,23,88,81,51,9,25,46,76,16,67,21,89
90,84,88,22,28,66,46,35,4,1,75,71,58,65,50,21,51,26,85,27,81,45,37,53,5,63,44,15,39,47,32,3,79,73,70,25,67,24,13,38,59,60,12,33,11,49,87,68,56,76,64,69,17,30,23,29,6,82,7,8,9,54,72,42,78,80,10,19,18,14,74,43,20,62,41,55,52,36,48,61,89,86,31,57,34,40,2,83,77,16
15,59,44,25,45,85,51,9,67,73,30,77,86,75,88,71,19,16,52,46,23,84,7,13,72,61,21,56,69,20,14,63,64,55,17,47,41,36,49,34,1,58,57,37,83,5,74,22,68,27,53,81,87,4,38,50,33,82,10,89,12,24,43,42,32,26,31,90,80,2,70,29,78,8,40,48,11,35,60,28,76,79,18,6,62,39,3,65,66,54
81,51,24,90,14,9,58,53,6,72,70,8,16,65,75,57,59,11,12,4,42,64,46,62,68,52,1,54,15,20,18,55,66,63,69,13,44,2,30,33,29,76,48,74,41,45,47,19,86,34,27,77,71,31,23,26,83,37,88,80,10,79,73,22,7,50,25,21,3,38,85,67,36,89,78,28,60,43,61,17,56,40,5,84,35,82,49,87,32,39
17,76,67,27,32,73,26,52,71,30,70,31,68,3,75,87,66,57,37,24,80,50,9,36,2,35,51,58,20,23,4,63,12,13,56,6,11,18,85,1,69,77,33,61,21,19,10,55,62,29,79,43,64,86,25,40,81,16,54,45,65,84,46,15,14,8,38,59,83,28,60,78,90,53,47,7,42,44,72,5,41,49,34,82,39,88,89,48,74,22
8,4,54,42,41,62,25,51,11,67,40,17,6,53,74,24,56,27,77,87,20,68,75,13,79,43,61,30,80,71,7,52,72,35,23,69,84,90,38,33,76,44,32,1,46,55,18,2,78,82,10,60,22,26,88,15,12,85,50,16,48,83,5,49,39,86,63,81,66,3,73,65,64,37,45,58,9,28,14,36,29,70,34,59,31,47,21,57,19,89
23,18,28,22,69,29,38,53,32,13,47,21,63,77,8,67,70,40,25,90,59,39,76,35,12,83,17,37,27,51,31,6,82,80,79,5,1,14,60,88,71,74,75,4,81,43,2,57,9,11,56,68,87,45,44,64,58,36,52,86,3,41,16,33,84,61,50,49,30,7,10,65,19,34,73,48,85,46,20,15,72,66,24,78,54,62,55,42,26,89
3,60,79,2,10,56,45,57,36,58,23,39,68,25,20,38,8,59,12,85,49,22,6,43,50,72,61,14,9,13,35,62,26,73,52,46,18,54,37,65,83,32,42,84,87,21,69,27,7,16,63,51,66,30,15,17,82,55,76,5,40,11,80,78,71,29,4,75,47,19,70,53,67,86,28,1,33,34,24,81,48,74,31,88,89,64,41,90,77,44
81,55,24,11,6,54,82,53,26,41,20,1,44,18,45,36,66,39,52,3,76,14,90,38,10,84,4,62,47,75,86,32,63,71,23,50,7,72,70,83,21,89,31,58,19,17,74,67,80,37,27,29,28,46,5,56,34,85,65,59,78,40,61,64,13,8,35,79,48,77,15,73,43,2,57,69,87,33,30,42,9,68,88,25,22,16,49,12,60,51
9,15,30,18,8,42,69,68,66,52,14,34,86,59,74,43,70,25,72,46,10,61,55,57,85,28,64,19,63,32,26,50,56,77,29,54,4,3,83,79,7,76,49,21,27,84,2,22,5,35,82,23,12,38,90,51,87,45,39,81,37,88,89,31,65,73,71,58,33,44,60,11,67,40,62,13,80,53,47,75,20,78,17,36,1,48,6,41,16,24
16,74,13,55,9,38,30,40,47,17,59,19,60,70,37,36,52,32,6,71,75,84,34,78,3,87,50,82,24,39,46,8,81,5,68,23,73,28,61,69,62,25,54,64,21,11,29,1,76,42,90,79,85,12,56,48,86,83,35,57,31,33,44,26,77,49,66,7,88,14,4,41,10,45,72,15,18,58,53,80,43,27,22,51,89,20,2,63,67,65
5,23,9,84,82,55,21,87,18,58,36,7,72,13,37,54,4,12,60,3,89,67,8,68,11,80,56,10,64,78,14,41,6,47,49,32,15,59,1,79,20,16,2,53,85,90,42,24,88,86,31,71,35,50,25,22,34,65,62,27,76,40,19,73,17,75,28,26,57,45,44,39,51,61,69,29,77,43,33,30,74,38,52,63,66,46,81,83,48,70
12,73,62,43,53,32,19,10,42,27,21,13,74,47,58,67,40,5,55,36,41,61,59,82,6,2,80,11,86,87,83,8,29,33,49,1,65,70,79,81,72,9,30,69,75,15,23,38,22,34,25,51,39,7,44,90,54,37,57,48,24,63,35,16,17,26,66,85,88,4,89,84,68,60,46,14,78,3,77,56,52,50,18,45,31,71,64,76,20,28
3,12,53,1,66,76,23,40,9,38,20,56,43,88,65,29,17,57,90,69,48,15,52,49,4,78,59,46,2,13,85,79,32,72,7,71,36,58,47,68,55,83,87,35,62,73,21,5,28,39,70,24,80,60,51,84,86,6,14,11,27,18,31,54,50,10,37,26,74,19,34,30,25,63,45,77,41,44,64,42,8,16,75,89,67,22,81,82,61,33
1,11,14,57,67,56,87,53,26,66,7,23,85,82,29,59,25,18,8,31,75,49,34,88,61,89,84,9,40,37,76,60,83,19,54,39,73,15,51,6,42,72,45,46,21,30,12,81,68,16,4,69,65,47,48,33,86,52,58,20,64,22,44,3,5,24,79,38,43,62,32,55,28,35,71,13,78,10,17,27,41,80,90,74,63,77,2,70,36,50
79,2,27,84,90,53,69,55,59,83,77,36,10,20,12,82,65,89,35,32,30,29,33,43,45,23,74,7,34,25,9,48,22,37,6,3,54,76,70,15,14,63,16,62,64,39,38,81,52,75,56,87,66,5,24,18,86,17,57,1,8,50,49,51,4,21,41,58,67,28,71,26,88,47,19,72,46,61,73,40,13,44,80,42,11,85,78,68,60,31
2,66,89,77,8,28,86,62,74,20,16,12,44,58,60,39,53,68,57,73,27,50,80,43,71,7,61,48,38,83,90,33,19,59,72,41,31,9,78,70,14,84,79,52,13,22,37,88,34,23,5,85,4,18,64,29,40,54,15,17,11,6,69,25,3,26,21,81,51,56,45,67,55,30,82,65,24,35,75,32,36,42,47,87,10,1,46,76,63,49
47,74,88,2,22,27,57,38,59,66,5,69,23,24,60,19,64,3,86,14,85,82,15,83,67,61,58,16,51,6,35,52,70,28,76,12,25,32,1,50,45,80,4,13,55,54,7,33,20,77,11,39,10,26,36,56,29,68,73,41,53,79,17,46,78,31,30,44,89,9,49,42,34,37,62,63,43,90,21,87,65,48,72,84,75,8,71,81,40,18
48,25,78,77,42,74,34,54,37,2,7,52,66,51,49,47,50,33,89,26,79,41,46,70,4,45,56,44,16,62,21,88,29,53,65,61,31,20,3,75,58,63,64,6,43,39,8,81,5,83,38,73,69,9,27,84,11,28,40,19,76,36,86,35,72,23,10,32,57,80,22,90,12,87,68,67,71,85,17,1,82,59,14,15,13,60,24,55,18,30
18,59,41,13,15,81,46,35,37,52,3,30,48,1,83,70,66,17,80,8,26,40,51,22,79,77,20,5,73,68,19,86,16,47,64,62,14,56,34,23,74,25,38,58,33,29,88,65,89,90,45,71,11,49,43,82,85,78,28,21,6,69,39,72,4,24,75,36,67,27,7,44,2,87,76,61,57,63,10,55,12,53,60,32,31,84,9,54,50,42
43,16,12,57,90,30,18,76,87,4,40,35,2,24,13,60,54,75,52,27,34,29,8,70,22,3,32,23,7,14,85,77,48,56,47,88,31,11,38,68,73,17,39,58,28,45,1,69,71,74,89,36,5,78,6,41,79,50,19,62,83,42,72,86,51,10,64,44,66,33,59,26,46,15,82,25,81,63,84,80,37,21,53,61,9,67,20,49,65,55
39,30,38,75,35,65,19,47,14,85,46,51,12,74,82,81,77,48,88,33,36,67,52,17,40,72,63,64,50,18,37,83,84,25,13,1,23,2,11,71,60,90,6,34,41,29,53,89,21,56,54,27,7,15,61,31,57,55,44,22,87,43,5,49,80,86,69,16,76,66,62,20,42,28,68,26,45,78,73,8,58,70,24,59,10,32,3,79,9,4
26,73,80,25,53,83,29,77,11,6,52,3,42,15,71,10,54,8,40,16,24,33,1,2,79,78,28,4,81,85,49,51,38,20,5,55,50,74,19,62,47,58,39,12,70,76,67,46,68,61,44,45,60,65,82,17,36,89,75,31,86,32,37,66,56,72,34,23,13,22,87,64,90,14,48,30,9,63,41,43,21,69,27,7,57,18,88,35,59,84
8,25,45,75,84,36,10,58,87,65,71,78,9,61,72,55,81,79,86,22,82,60,34,21,47,70,33,37,38,2,48,31,12,43,5,6,28,64,85,26,18,17,41,88,29,27,3,62,50,63,7,19,52,66,49,80,35,74,42,90,77,39,14,67,69,20,76,30,68,53,32,23,83,89,46,51,4,57,73,40,24,44,16,56,15,1,59,11,54,13
1,13,50,5,41,20,2,28,18,77,24,68,52,36,81,70,7,83,82,6,87,86,56,32,78,63,9,62,16,10,42,74,17,23,73,54,27,15,80,72,11,48,84,25,38,60,90,44,89,71,61,79,12,55,66,64,85,58,14,3,8,76,39,29,46,51,35,75,49,47,67,53,19,34,26,33,22,31,59,88,40,30,21,69,4,57,43,37,65,45
77,82,32,73,12,69,54,64,40,90,44,74,16,47,31,85,79,50,7,25,57,8,65,87,37,43,78,2,19,41,46,35,3,63,89,24,53,13,9,52,75,61,60,58,81,33,39,76,88,1,38,26,48,56,29,80,34,27,70,10,6,14,67,4,71,5,17,68,42,23,66,84,59,36,11,72,55,22,51,86,45,30,49,20,28,83,62,15,18,21
63,65,4,39,51,16,25,69,12,13,90,43,40,83,32,89,1,6,67,26,62,75,21,84,42,87,47,19,2,70,27,53,46,68,24,64,38,56,29,71,17,55,35,31,49,9,74,14,11,3,33,86,36,18,41,30,80,54,8,45,15,81,72,23,61,77,34,79,85,7,58,73,44,37,57,28,60,88,82,76,52,20,50,59,10,78,48,5,66,22
48,74,72,67,88,5,9,36,77,45,44,2,11,60,32,42,35,75,10,71,4,16,66,70,73,14,43,37,7,69,81,80,30,68,54,87,18,8,1,22,23,27,82,76,57,33,28,38,17,41,55,47,3,90,65,58,6,83,39,79,20,85,53,24,15,56,52,63,51,50,21,26,89,12,78,13,49,62,19,61,46,84,40,64,86,25,34,31,59,29
88,5,40,38,73,51,84,41,67,58,9,44,81,54,27,16,59,1,6,34,30,32,10,29,82,72,20,22,65,13,64,26,74,61,66,17,50,28,42,45,21,77,37,47,53,78,2,79,87,19,43,8,4,83,3,48,46,12,69,75,36,31,90,62,80,52,39,55,57,85,68,35,23,71,15,63,86,25,33,70,60,18,24,76,89,49,11,56,7,14
48,71,2,51,9,83,1,87,38,6,85,14,69,45,89,70,50,65,27,26,66,43,74,59,31,35,36,75,76,52,63,5,68,73,19,15,64,81,21,58,39,53,56,57,10,60,8,77,46,28,17,11,79,12,32,41,29,40,90,67,22,82,86,24,13,88,3,55,30,7,34,18,49,84,62,80,20,42,44,47,33,78,4,23,37,72,54,61,16,25
35,16,43,25,34,55,41,9,38,59,30,6,15,90,14,76,73,24,36,71,13,74,48,54,49,62,40,46,47,18,39,5,84,82,79,56,1,23,8,31,22,45,17,28,2,58,78,83,20,88,26,89,81,32,42,57,85,64,66,67,65,60,19,44,11,70,86,27,87,72,68,51,69,63,4,75,61,33,37,21,29,53,77,10,52,80,3,7,12,50
47,1,54,20,39,40,13,12,17,90,36,89,50,6,73,25,64,33,52,28,85,41,14,62,80,43,10,77,27,74,15,58,32,63,42,82,75,21,69,7,67,16,68,84,51,70,26,24,9,71,76,55,22,65,83,8,31,19,18,38,35,56,53,44,72,46,29,78,30,37,66,57,23,34,49,81,87,45,79,5,88,61,4,86,59,60,2,3,48,11
90,32,73,65,46,72,3,78,83,20,50,52,30,82,48,56,5,24,39,44,61,41,89,53,67,71,63,29,8,31,45,37,77,51,1,38,6,85,47,79,54,9,59,26,70,69,64,55,18,33,15,42,62,88,75,27,4,34,21,16,17,81,23,80,66,13,10,58,49,25,40,68,35,87,7,86,74,36,22,60,12,43,28,57,19,2,11,84,14,76
50,53,25,7,31,35,17,33,12,38,81,56,2,34,45,11,13,20,44,88,22,49,41,39,89,76,29,87,32,52,58,71,30,83,73,78,63,90,23,66,51,9,15,67,47,18,3,10,16,28,60,72,82,84,74,54,62,26,55,36,48,65,19,1,64,14,70,46,80,24,8,40,5,77,6,37,75,68,69,86,42,57,79,27,59,43,61,85,21,4
58,14,7,83,12,26,5,55,17,84,56,29,31,81,57,86,21,77,80,3,15,74,9,43,62,6,10,42,34,27,48,88,20,11,23,64,32,35,45,36,60,67,68,52,82,75,59,49,47,69,40,33,1,51,46,41,19,85,65,2,39,13,78,70,72,73,30,16,66,50,87,4,89,38,71,79,22,44,54,76,18,25,63,28,90,61,8,53,37,24
33,57,55,70,83,58,71,51,47,28,22,56,29,82,46,10,17,60,26,5,67,65,3,77,14,18,7,80,62,11,16,35,27,64,20,74,73,41,1,12,84,66,2,85,89,13,37,75,81,25,4,38,52,45,34,23,36,43,42,21,78,31,39,54,44,32,90,68,76,72,79,30,53,86,50,24,49,19,63,6,8,61,88,87,69,40,59,48,9,15
48,44,28,30,62,78,2,16,6,35,21,65,42,83,90,51,10,20,9,15,29,3,4,74,38,18,49,33,24,64,89,1,22,19,7,41,36,53,46,72,32,17,50,58,5,70,11,80,56,45,12,14,37,77,85,69,23,82,60,86,84,13,47,76,34,31,40,73,39,81,66,68,79,59,63,88,71,43,67,54,8,61,25,55,57,27,87,75,52,26
37,72,88,14,42,69,18,22,59,71,44,21,79,23,26,16,19,9,68,46,60,57,24,52,34,66,36,86,40,12,35,47,25,1,4,58,75,15,54,38,80,41,83,6,20,74,48,87,33,43,76,67,62,56,5,73,32,53,11,78,61,30,82,89,10,77,49,70,3,31,7,13,39,28,51,17,29,84,2,45,27,65,50,63,90,85,8,81,55,64
2,53,33,40,85,12,57,51,41,23,28,6,26,52,7,59,24,79,47,44,37,22,35,43,86,88,81,61,58,76,5,20,9,18,55,14,50,63,45,15,62,4,11,72,48,36,56,31,42,84,46,71,8,34,3,39,87,75,10,13,17,32,67,69,29,60,90,66,77,64,30,89,83,19,78,80,49,54,16,68,73,82,1,38,21,65,25,27,70,74
3,31,65,36,43,12,59,11,34,20,41,53,14,62,69,25,66,5,17,46,7,73,57,1,70,58,63,10,49,15,67,24,56,55,4,50,8,78,47,74,84,88,68,22,37,83,61,19,23,9,6,28,54,29,76,52,18,64,35,80,86,75,71,85,38,87,2,79,82,89,81,33,13,27,72,39,51,77,40,44,26,30,60,16,48,90,45,32,21,42
12,26,17,75,22,60,43,79,76,74,4,61,1,80,85,13,42,72,2,11,82,73,64,9,23,83,50,54,32,88,66,55,70,10,40,15,33,34,90,30,63,68,67,31,16,6,7,47,69,81,18,49,27,62,24,48,45,38,59,8,84,87,44,35,39,57,71,14,36,58,51,21,25,56,65,53,3,46,37,29,78,19,41,20,89,5,86,77,28,52
63,25,48,75,20,73,36,8,17,46,84,1,74,72,88,15,28,37,52,24,59,32,55,70,42,14,65,49,30,83,61,2,78,40,68,33,69,6,66,50,62,18,3,67,86,58,11,53,26,56,80,16,43,60,38,22,12,54,44,27,90,23,76,77,51,4,85,87,10,47,57,29,13,21,35,31,64,89,82,41,19,9,5,71,39,79,34,81,45,7
28,16,44,11,52,7,9,81,37,43,88,33,4,67,61,85,80,36,72,89,30,83,5,17,48,82,47,10,24,66,60,51,62,32,90,1,53,13,41,18,19,31,39,20,75,76,22,65,59,14,55,87,70,71,23,73,12,29,2,42,79,3,49,26,21,74,77,6,25,69,27,63,8,46,57,34,45,40,78,56,86,38,15,64,84,54,58,50,35,68
30,69,74,47,81,36,66,38,22,31,33,17,79,51,26,6,27,77,53,3,42,34,54,49,25,84,75,19,37,1,63,50,60,9,71,35,82,46,68,14,29,4,56,62,32,39,40,70,80,28,44,76,57,8,5,20,89,11,87,10,48,73,2,55,15,24,78,18,7,83,67,85,65,58,16,43,59,13,52,45,61,64,21,41,88,72,12,86,23,90
6,76,45,4,37,50,20,72,8,33,59,36,1,86,51,42,62,73,40,25,85,41,75,29,58,47,18,17,88,54,84,27,53,15,19,44,39,13,11,48,89,49,2,79,83,16,21,34,60,77,10,22,7,63,65,38,23,74,82,55,69,26,12,24,57,35,56,80,5,90,70,52,46,66,14,43,61,81,67,71,87,31,9,78,68,32,30,28,3,64
41,39,59,84,20,8,89,73,33,90,12,60,72,87,64,9,29,45,48,88,85,65,49,38,62,78,63,44,56,67,74,57,34,23,5,68,76,42,32,27,26,50,53,7,22,52,71,28,6,55,36,30,77,24,16,51,37,86,10,80,75,79,58,81,3,18,35,15,19,11,43,70,82,69,47,54,14,61,21,40,66,83,46,13,4,1,31,25,2,17
12,20,30,60,77,48,74,61,40,87,68,4,21,25,2,33,6,79,5,3,57,37,54,28,62,44,47,8,58,41,43,82,72,38,73,63,67,15,34,76,29,26,32,9,90,45,27,35,51,69,7,71,70,17,75,24,39,19,46,78,52,42,85,16,55,1,14,49,65,89,64,22,59,84,31,11,83,66,86,50,88,56,23,10,81,53,80,13,18,36
2,82,20,84,71,81,17,70,67,40,21,76,85,46,64,6,34,45,3,48,52,72,4,62,69,60,65,10,31,63,47,27,77,26,22,15,78,59,7,24,55,41,83,53,79,68,49,39,13,29,56,66,18,88,54,8,57,80,5,51,37,14,42,50,36,12,16,19,86,87,30,58,61,35,25,90,23,32,38,33,89,73,74,44,43,28,1,11,75,9
46,7,85,59,52,89,56,57,43,34,47,65,87,48,12,80,6,16,79,54,84,68,2,51,69,76,74,1,75,72,71,15,28,17,58,3,13,36,19,21,45,27,78,38,4,55,10,62,64,86,77,29,30,24,41,82,73,32,63,67,40,61,39,5,70,81,33,35,50,53,9,88,14,23,83,49,44,25,37,42,20,8,90,31,18,11,26,60,22,66
34,46,49,15,83,30,14,75,61,66,86,77,19,38,55,85,62,13,22,59,47,50,48,37,58,10,53,80,24,54,51,11,60,26,12,23,67,88,44,65,29,76,20,81,3,68,5,41,64,90,39,70,72,56,42,27,16,74,43,8,63,28,18,57,36,45,89,21,31,69,52,35,73,9,71,6,17,32,78,2,33,40,7,4,25,87,84,79,1,82
12,60,27,59,9,4,81,55,40,46,36,35,77,61,17,13,14,3,82,34,90,7,22,74,51,85,42,71,68,25,64,32,41,48,44,29,62,38,30,11,54,23,52,47,72,24,45,83,2,26,5,19,28,1,31,37,58,16,39,53,69,80,86,79,89,66,75,73,49,18,56,84,20,21,10,50,88,15,43,63,78,65,8,70,57,67,33,87,6,76
11,6,73,15,5,44,26,57,76,59,62,21,64,14,69,65,34,83,54,47,18,52,12,39,72,40,19,55,10,70,41,36,33,27,7,37,75,25,45,86,88,31,2,43,22,84,3,32,1,87,46,68,85,42,4,48,50,77,30,79,9,90,20,13,8,23,49,35,51,24,81,63,89,82,74,56,80,60,38,16,66,29,17,61,67,58,53,71,28,78
30,21,88,5,29,86,1,47,35,53,2,61,50,74,66,55,79,57,22,87,71,72,63,82,51,18,49,75,81,76,69,59,39,65,14,78,64,32,43,16,89,54,52,62,56,38,73,70,80,45,90,28,13,8,19,68,46,15,40,31,48,24,7,17,12,58,42,36,44,84,3,23,83,77,25,41,6,26,60,34,10,11,9,27,20,4,67,85,37,33
87,12,16,28,51,75,38,77,61,76,68,29,24,20,23,55,19,6,85,1,26,2,84,18,50,67,90,22,4,58,15,3,59,34,5,83,70,8,73,56,13,78,33,79,36,89,53,65,9,80,43,31,49,74,86,71,54,35,52,30,21,7,14,40,48,32,45,88,82,66,57,17,47,42,11,27,41,81,64,44,69,39,72,25,63,46,10,37,60,62
56,61,41,9,27,4,19,70,60,90,11,80,24,50,21,48,32,7,5,12,34,23,53,15,14,65,20,42,55,2,30,88,43,69,71,86,45,3,75,46,83,17,63,16,54,81,85,59,76,8,37,49,28,47,74,1,38,31,89,13,29,40,6,51,79,44,64,35,62,10,52,78,67,57,22,39,33,84,87,73,26,66,77,82,25,58,68,18,72,36
85,70,39,36,10,61,16,41,83,48,78,6,63,55,89,34,32,43,58,42,26,14,11,64,15,54,65,51,84,4,81,7,40,38,20,57,45,86,82,53,13,72,62,80,66,46,28,19,69,1,87,5,23,47,17,75,71,31,8,73,21,37,88,56,27,79,2,35,33,59,74,9,67,25,90,68,52,77,44,12,22,18,76,50,49,3,30,60,29,24
