369
0, 75
0, 197
0, 276
0, 397
0, 412
0, 494
0, 532
0, 557
0, 577
0, 651
0, 739
0, 759
0, 806
0, 834
0, 836
1, 2
1, 37
1, 54
1, 190
1, 391
1, 422
1, 683
1, 766
1, 779
1, 805
1, 954
2, 14
2, 41
2, 151
2, 212
2, 785
2, 933
2, 954
3, 192
3, 207
3, 536
3, 597
3, 606
3, 607
3, 670
3, 749
3, 770
4, 28
4, 68
4, 175
4, 368
4, 387
4, 640
4, 678
4, 773
4, 796
4, 798
4, 805
5, 35
5, 46
5, 65
5, 93
5, 172
5, 387
5, 426
5, 607
5, 623
5, 721
5, 838
5, 936
5, 945
6, 11
6, 26
6, 28
6, 64
6, 79
6, 84
6, 264
6, 284
6, 333
6, 405
6, 524
6, 614
6, 617
6, 654
6, 682
6, 844
6, 890
6, 905
7, 69
7, 149
7, 165
7, 169
7, 362
7, 414
7, 443
7, 552
7, 758
7, 782
7, 807
7, 840
7, 933
7, 958
8, 34
8, 79
8, 201
8, 204
8, 277
8, 323
8, 341
8, 352
8, 389
8, 541
8, 616
8, 692
8, 729
8, 865
8, 945
9, 115
9, 148
9, 309
9, 462
9, 569
9, 628
9, 687
9, 769
10, 60
10, 110
10, 141
10, 161
10, 166
10, 361
10, 476
10, 594
10, 728
10, 761
10, 874
10, 903
10, 920
11, 60
11, 133
11, 276
11, 357
11, 408
11, 665
11, 764
11, 919
11, 998
12, 141
12, 309
12, 456
12, 487
12, 535
12, 728
12, 880
12, 908
12, 959
12, 962
13, 39
13, 84
13, 121
13, 201
13, 454
13, 495
13, 550
13, 756
13, 798
13, 905
14, 139
14, 174
14, 388
14, 451
14, 489
14, 552
14, 713
14, 724
14, 741
14, 775
14, 893
14, 956
15, 4
15, 6
15, 158
15, 256
15, 270
15, 492
15, 527
15, 534
15, 611
15, 668
15, 872
15, 878
16, 17
16, 68
16, 257
16, 348
16, 398
16, 673
16, 762
16, 975
17, 35
17, 129
17, 160
17, 442
17, 453
17, 483
17, 792
18, 42
18, 303
18, 474
18, 519
18, 541
18, 637
18, 729
18, 747
18, 749
18, 950
18, 985
19, 54
19, 558
19, 594
19, 789
19, 896
19, 998
20, 208
20, 268
20, 290
20, 347
20, 349
20, 505
20, 541
20, 564
20, 595
20, 660
20, 714
20, 911
20, 991
21, 48
21, 283
21, 399
21, 516
21, 524
21, 679
21, 978
22, 45
22, 219
22, 231
22, 249
22, 254
22, 266
22, 369
22, 507
22, 756
22, 990
23, 125
23, 184
23, 335
23, 385
23, 422
23, 507
23, 598
23, 619
23, 780
23, 914
23, 988
24, 12
24, 34
24, 152
24, 288
24, 510
24, 525
24, 537
24, 554
24, 558
24, 574
24, 798
24, 824
24, 845
24, 907
24, 933
24, 944
25, 87
25, 461
25, 516
25, 724
25, 792
25, 860
25, 880
25, 970
26, 73
26, 76
26, 108
26, 114
26, 160
26, 264
26, 359
26, 361
26, 485
26, 757
26, 760
26, 842
26, 982
27, 8
27, 19
27, 49
27, 52
27, 99
27, 199
27, 474
27, 561
27, 568
27, 589
27, 819
27, 985
28, 349
28, 454
28, 541
28, 646
28, 677
28, 807
28, 864
28, 993
29, 170
29, 212
29, 250
29, 342
29, 455
29, 570
29, 673
29, 708
29, 771
30, 129
30, 280
30, 356
30, 600
30, 683
30, 727
30, 970
31, 395
31, 440
31, 460
31, 476
31, 503
31, 701
31, 810
31, 828
31, 872
32, 74
32, 103
32, 379
32, 591
32, 682
32, 734
32, 753
32, 919
32, 922
33, 23
33, 60
33, 95
33, 109
33, 392
33, 433
33, 777
33, 807
33, 826
33, 981
34, 130
34, 264
34, 312
34, 327
34, 345
34, 411
34, 573
34, 807
34, 831
34, 866
35, 93
35, 190
35, 202
35, 212
35, 433
35, 621
35, 732
35, 744
35, 751
35, 844
35, 891
35, 953
36, 139
36, 147
36, 164
36, 213
36, 350
36, 436
36, 585
36, 613
36, 647
36, 671
36, 699
36, 750
36, 756
36, 864
36, 963
36, 999
37, 86
37, 127
37, 282
37, 298
37, 381
37, 431
37, 607
37, 639
37, 691
37, 741
37, 781
37, 902
38, 118
38, 182
38, 291
38, 507
38, 641
38, 697
38, 762
38, 849
38, 891
39, 122
39, 152
39, 175
39, 228
39, 239
39, 308
39, 321
39, 342
39, 360
39, 636
40, 143
40, 454
40, 513
40, 518
40, 565
40, 670
40, 673
40, 883
40, 901
40, 909
40, 958
41, 116
41, 117
41, 186
41, 339
41, 417
41, 450
41, 643
41, 716
41, 833
41, 837
41, 909
42, 115
42, 123
42, 206
42, 256
42, 304
42, 415
42, 452
42, 542
42, 731
42, 744
42, 838
42, 839
43, 194
43, 352
43, 398
43, 485
43, 802
43, 803
43, 949
44, 200
44, 384
44, 526
44, 529
44, 548
44, 797
44, 814
44, 818
44, 888
44, 972
44, 991
45, 109
45, 345
45, 377
45, 441
45, 515
45, 540
45, 614
45, 905
45, 952
46, 317
46, 388
46, 453
46, 471
46, 512
46, 607
46, 693
46, 830
46, 848
46, 881
47, 21
47, 52
47, 182
47, 186
47, 226
47, 444
47, 507
47, 867
47, 935
48, 31
48, 118
48, 276
48, 301
48, 401
48, 571
48, 711
48, 727
48, 817
49, 7
49, 8
49, 95
49, 171
49, 694
49, 959
50, 70
50, 177
50, 248
50, 292
50, 366
50, 385
50, 386
50, 432
50, 484
50, 633
50, 899
50, 987
51, 19
51, 49
51, 59
51, 116
51, 169
51, 234
51, 237
51, 257
51, 295
51, 389
51, 399
51, 485
51, 494
51, 673
51, 737
51, 755
51, 822
52, 78
52, 252
52, 514
52, 517
52, 665
52, 739
52, 830
52, 855
52, 869
52, 923
53, 124
53, 132
53, 161
53, 197
53, 337
53, 498
53, 503
53, 606
53, 717
53, 913
54, 36
54, 95
54, 415
54, 694
55, 30
55, 38
55, 105
55, 306
55, 402
55, 643
55, 692
55, 698
55, 893
55, 992
56, 7
56, 109
56, 146
56, 181
56, 247
56, 440
56, 533
56, 573
56, 636
56, 690
56, 696
56, 747
56, 852
56, 979
57, 32
57, 54
57, 98
57, 106
57, 162
57, 317
57, 508
57, 575
57, 598
57, 679
57, 825
57, 888
57, 917
58, 49
58, 126
58, 163
58, 242
58, 383
58, 499
58, 505
58, 594
58, 863
58, 922
58, 943
58, 971
59, 2
59, 26
59, 45
59, 211
59, 321
59, 328
59, 374
59, 449
59, 670
59, 747
59, 903
59, 958
60, 207
60, 210
60, 227
60, 727
60, 767
61, 76
61, 123
61, 178
61, 192
61, 217
61, 452
61, 454
61, 623
61, 689
61, 740
61, 826
61, 827
62, 131
62, 208
62, 229
62, 513
62, 528
62, 664
62, 782
62, 835
62, 849
63, 33
63, 43
63, 128
63, 284
63, 415
63, 435
63, 520
63, 693
63, 757
63, 779
63, 821
63, 854
63, 872
63, 899
63, 926
64, 43
64, 60
64, 287
64, 328
64, 389
64, 508
64, 551
64, 640
64, 750
64, 948
64, 993
65, 128
65, 216
65, 342
65, 369
65, 612
65, 613
65, 653
65, 679
65, 909
65, 932
65, 957
66, 4
66, 13
66, 96
66, 546
66, 745
67, 5
67, 15
67, 43
67, 66
67, 105
67, 117
67, 132
67, 180
67, 264
67, 340
67, 357
67, 418
67, 565
67, 576
68, 347
68, 415
68, 417
68, 882
68, 977
69, 12
69, 31
69, 126
69, 377
69, 504
69, 627
69, 666
69, 727
69, 738
69, 847
69, 895
69, 962
69, 979
70, 30
70, 35
70, 80
70, 156
70, 229
70, 331
70, 626
70, 802
70, 804
70, 948
70, 949
71, 73
71, 258
71, 275
71, 328
71, 338
71, 492
71, 552
71, 690
71, 719
72, 3
72, 138
72, 324
72, 502
72, 541
72, 695
72, 700
72, 738
73, 37
73, 117
73, 168
73, 358
73, 520
73, 598
73, 630
73, 672
73, 770
73, 795
73, 891
73, 902
73, 907
74, 25
74, 42
74, 133
74, 304
74, 359
74, 433
74, 554
74, 619
74, 635
74, 639
75, 8
75, 293
75, 368
75, 408
75, 433
75, 492
75, 539
75, 555
75, 703
75, 710
75, 869
76, 420
76, 451
76, 843
76, 853
76, 898
76, 990
77, 68
77, 74
77, 280
77, 300
77, 691
77, 800
77, 843
78, 65
78, 225
78, 407
78, 490
78, 544
78, 645
78, 748
78, 796
78, 871
78, 988
79, 53
79, 109
79, 113
79, 279
79, 491
79, 492
79, 509
79, 510
79, 590
79, 646
79, 657
79, 747
79, 757
79, 819
79, 821
79, 873
79, 877
79, 919
80, 309
80, 403
80, 445
80, 681
81, 0
81, 199
81, 273
81, 312
81, 489
81, 539
81, 603
81, 674
81, 719
81, 753
82, 197
82, 284
82, 400
82, 469
82, 525
82, 607
82, 693
82, 703
82, 706
82, 734
82, 739
82, 765
82, 832
82, 888
82, 948
83, 204
83, 214
83, 320
83, 456
83, 478
83, 651
83, 717
83, 759
83, 805
83, 828
83, 900
83, 916
84, 3
84, 17
84, 168
84, 520
84, 709
84, 729
84, 741
84, 861
85, 61
85, 327
85, 575
85, 633
85, 645
85, 705
85, 707
85, 772
85, 843
86, 70
86, 171
86, 173
86, 287
86, 452
86, 501
86, 557
86, 699
86, 859
87, 295
87, 309
87, 314
87, 479
87, 507
87, 577
87, 626
87, 674
87, 678
87, 732
88, 7
88, 37
88, 161
88, 295
88, 356
88, 417
88, 447
88, 531
88, 549
88, 632
88, 644
89, 90
89, 92
89, 129
89, 151
89, 264
89, 354
89, 359
89, 441
89, 649
89, 751
89, 800
89, 855
90, 36
90, 72
90, 247
90, 253
90, 273
90, 693
90, 714
90, 870
91, 26
91, 41
91, 94
91, 102
91, 118
91, 348
91, 392
91, 413
91, 462
91, 525
91, 578
91, 822
91, 903
91, 928
91, 988
92, 15
92, 33
92, 146
92, 211
92, 631
92, 757
92, 796
92, 922
93, 56
93, 123
93, 189
93, 310
93, 411
93, 462
93, 522
93, 781
93, 884
94, 156
94, 160
94, 386
94, 527
94, 610
94, 613
94, 616
94, 621
94, 661
94, 770
94, 778
94, 810
94, 993
95, 64
95, 75
95, 145
95, 201
95, 246
95, 540
95, 611
95, 643
95, 713
95, 733
95, 887
95, 938
95, 970
95, 979
96, 71
96, 144
96, 191
96, 240
96, 296
96, 311
96, 438
96, 553
96, 672
96, 686
96, 809
96, 818
96, 820
97, 242
97, 253
97, 330
97, 384
97, 445
97, 504
97, 514
97, 602
97, 674
97, 746
97, 789
97, 846
98, 53
98, 55
98, 263
98, 351
98, 422
98, 572
98, 641
98, 648
98, 913
99, 51
99, 168
99, 248
99, 318
99, 351
99, 430
99, 768
99, 887
100, 82
100, 397
100, 568
100, 611
100, 693
100, 758
101, 39
101, 142
101, 166
101, 251
101, 301
101, 457
101, 739
101, 797
101, 812
101, 986
102, 12
102, 69
102, 163
102, 369
102, 422
102, 430
102, 569
102, 700
102, 712
102, 882
103, 52
103, 220
103, 457
104, 209
104, 245
104, 257
104, 423
104, 447
104, 473
104, 628
104, 710
104, 858
104, 864
104, 880
105, 123
105, 153
105, 229
105, 245
105, 436
105, 519
105, 562
105, 572
106, 32
106, 58
106, 109
106, 119
106, 403
106, 407
106, 899
107, 5
107, 23
107, 106
107, 318
107, 352
107, 357
107, 363
107, 423
107, 451
107, 486
107, 492
107, 646
107, 797
107, 899
107, 909
107, 947
108, 187
108, 232
108, 289
108, 440
108, 511
108, 593
108, 664
108, 759
108, 799
108, 988
109, 347
109, 377
109, 434
109, 467
109, 653
109, 656
109, 682
109, 687
109, 726
109, 809
109, 818
109, 828
110, 22
110, 43
110, 177
110, 304
110, 538
110, 639
110, 869
110, 992
111, 119
111, 139
111, 317
111, 348
111, 629
111, 794
111, 815
111, 856
111, 955
112, 14
112, 106
112, 209
112, 283
112, 370
112, 516
112, 534
112, 587
112, 625
112, 637
112, 709
112, 735
112, 798
113, 134
113, 209
113, 240
113, 947
113, 975
113, 989
114, 79
114, 137
114, 146
114, 172
114, 311
114, 342
114, 344
114, 362
114, 523
114, 568
114, 691
114, 918
114, 966
115, 144
115, 375
115, 509
115, 928
115, 936
115, 961
115, 988
116, 17
116, 97
116, 159
116, 260
116, 572
116, 685
116, 686
116, 750
116, 755
116, 859
117, 263
117, 275
117, 299
117, 508
117, 673
117, 759
117, 766
118, 67
118, 138
118, 196
118, 239
118, 333
118, 490
118, 520
118, 539
118, 591
118, 710
118, 750
118, 874
118, 899
119, 410
119, 578
119, 738
119, 844
119, 849
120, 123
120, 191
120, 235
120, 504
120, 514
120, 521
120, 526
120, 641
120, 693
120, 694
120, 706
120, 954
120, 975
120, 984
121, 77
121, 118
121, 250
121, 275
121, 318
121, 338
121, 370
121, 389
121, 695
121, 793
121, 807
121, 877
121, 882
121, 887
121, 923
121, 932
121, 933
121, 942
121, 957
121, 986
121, 988
122, 248
122, 295
122, 430
122, 440
122, 441
122, 475
122, 545
122, 877
123, 164
123, 261
123, 352
123, 360
123, 397
123, 492
123, 585
123, 645
123, 658
123, 767
123, 776
123, 777
123, 888
123, 941
124, 40
124, 190
124, 272
124, 389
124, 537
124, 574
124, 821
124, 891
125, 18
125, 47
125, 380
125, 437
125, 595
125, 647
125, 786
125, 835
125, 845
125, 862
125, 926
126, 9
126, 44
126, 231
126, 283
126, 380
126, 441
126, 505
126, 623
126, 658
126, 715
126, 721
126, 739
126, 833
127, 288
127, 420
127, 479
127, 492
127, 532
127, 670
127, 724
127, 889
127, 985
128, 7
128, 88
128, 107
128, 202
128, 218
128, 413
128, 467
128, 496
128, 501
128, 535
129, 18
129, 82
129, 96
129, 384
129, 664
129, 751
129, 752
129, 792
129, 819
129, 838
129, 964
130, 2
130, 65
130, 196
130, 568
130, 647
130, 833
130, 985
130, 998
131, 27
131, 219
131, 289
131, 304
131, 331
131, 404
131, 461
131, 505
131, 599
131, 708
131, 825
131, 884
132, 2
132, 119
132, 200
132, 215
132, 224
132, 244
132, 355
132, 587
132, 635
132, 916
132, 994
133, 3
133, 55
133, 79
133, 160
133, 745
133, 812
133, 818
133, 883
133, 934
133, 999
134, 57
134, 250
134, 297
134, 344
134, 371
134, 467
134, 511
134, 617
135, 46
135, 63
135, 182
135, 447
135, 626
135, 649
135, 714
135, 797
135, 816
135, 984
136, 0
136, 40
136, 119
136, 134
136, 141
136, 349
136, 546
136, 689
136, 697
136, 787
136, 823
136, 846
136, 913
136, 973
137, 298
137, 310
137, 470
137, 517
137, 672
137, 694
137, 895
137, 994
138, 76
138, 319
138, 420
138, 458
138, 791
138, 834
138, 904
139, 15
139, 169
139, 284
139, 523
139, 535
139, 671
139, 685
139, 801
139, 901
140, 161
140, 246
140, 269
140, 475
140, 578
140, 627
140, 897
140, 911
141, 101
141, 302
141, 452
141, 563
141, 583
141, 616
141, 693
142, 128
142, 345
142, 542
142, 611
142, 648
142, 745
142, 887
142, 913
142, 929
142, 936
142, 949
143, 112
143, 149
143, 212
143, 244
143, 413
143, 483
143, 696
143, 767
143, 933
144, 9
144, 113
144, 206
144, 325
144, 328
144, 410
144, 448
144, 568
144, 770
144, 792
144, 818
144, 874
144, 890
145, 44
145, 110
145, 716
146, 6
146, 180
146, 344
146, 616
146, 662
146, 697
146, 730
146, 746
146, 800
146, 865
147, 218
147, 270
147, 421
147, 431
147, 512
147, 602
147, 699
147, 725
148, 85
148, 443
148, 524
148, 663
148, 749
148, 812
148, 895
148, 947
149, 8
149, 31
149, 44
149, 279
149, 283
149, 415
149, 490
149, 516
149, 560
149, 650
149, 824
149, 894
149, 913
150, 92
150, 207
150, 259
150, 260
150, 291
150, 338
150, 422
150, 452
150, 815
150, 841
150, 875
150, 917
150, 980
151, 176
151, 294
151, 338
151, 341
151, 366
151, 390
151, 437
151, 543
151, 840
151, 989
152, 149
152, 343
152, 511
152, 515
152, 572
152, 691
153, 540
153, 732
153, 802
153, 997
154, 99
154, 104
154, 145
154, 149
154, 342
154, 379
154, 381
154, 690
155, 53
155, 141
155, 165
155, 177
155, 209
155, 350
155, 380
155, 401
155, 723
155, 871
155, 955
156, 79
156, 106
156, 179
156, 193
156, 287
156, 312
156, 364
156, 562
156, 582
156, 763
157, 16
157, 94
157, 158
157, 162
157, 349
157, 606
157, 820
157, 832
157, 893
158, 3
158, 69
158, 89
158, 344
158, 417
158, 453
158, 507
158, 525
158, 613
158, 637
158, 645
158, 840
158, 866
159, 164
159, 176
159, 240
159, 269
159, 272
159, 274
159, 321
159, 334
159, 611
159, 840
159, 851
159, 941
160, 46
160, 199
160, 271
160, 296
160, 670
160, 876
160, 899
160, 973
161, 78
161, 158
161, 217
161, 352
161, 407
161, 525
161, 593
161, 962
162, 221
162, 419
162, 448
162, 469
162, 619
162, 751
162, 775
162, 942
163, 79
163, 121
163, 157
163, 246
163, 636
163, 944
164, 4
164, 25
164, 108
164, 144
164, 359
164, 617
164, 667
164, 745
164, 757
164, 862
164, 922
164, 943
165, 207
165, 320
165, 536
165, 566
165, 681
165, 750
165, 840
165, 919
165, 936
166, 216
166, 285
166, 454
166, 501
166, 578
166, 633
166, 643
166, 649
166, 710
166, 799
166, 806
166, 820
167, 34
167, 417
167, 533
167, 556
167, 748
167, 862
167, 968
168, 54
168, 100
168, 146
168, 185
168, 300
168, 464
168, 521
168, 543
168, 759
168, 963
168, 964
169, 116
169, 426
169, 443
169, 592
169, 686
169, 809
169, 849
169, 892
169, 929
170, 7
170, 38
170, 97
170, 116
170, 363
170, 367
170, 436
170, 492
170, 538
170, 540
170, 786
171, 221
171, 233
171, 317
171, 350
171, 374
171, 428
171, 509
171, 578
171, 673
171, 711
171, 868
171, 926
172, 194
172, 255
172, 292
172, 370
172, 410
172, 485
172, 492
172, 496
172, 641
172, 644
172, 734
172, 744
172, 826
172, 874
172, 913
173, 47
173, 98
173, 129
173, 241
173, 451
173, 550
173, 614
173, 620
174, 280
174, 416
174, 556
174, 596
174, 776
174, 826
174, 851
175, 28
175, 159
175, 183
175, 214
175, 386
175, 531
175, 688
175, 800
175, 839
176, 27
176, 113
176, 437
176, 485
176, 548
176, 587
176, 861
176, 889
176, 894
177, 33
177, 125
177, 163
177, 230
177, 603
177, 760
177, 761
177, 959
178, 122
178, 127
178, 149
178, 154
178, 235
178, 332
178, 558
178, 570
178, 777
178, 869
179, 110
179, 490
179, 523
179, 611
179, 654
179, 768
179, 902
180, 1
180, 42
180, 43
180, 83
180, 296
180, 541
180, 628
180, 775
180, 851
180, 869
181, 20
181, 46
181, 65
181, 69
181, 158
181, 510
181, 600
181, 690
181, 709
181, 712
181, 745
181, 797
181, 965
181, 988
182, 269
182, 400
182, 522
182, 571
182, 585
182, 671
182, 724
182, 782
182, 839
182, 991
183, 182
183, 240
183, 255
183, 321
183, 538
183, 563
183, 656
183, 770
183, 913
183, 934
183, 937
184, 115
184, 171
184, 225
184, 275
184, 358
184, 445
184, 654
184, 839
184, 851
184, 990
185, 30
185, 107
185, 153
185, 170
185, 190
185, 219
185, 240
185, 339
185, 437
185, 527
185, 643
185, 648
185, 841
185, 911
186, 2
186, 22
186, 139
186, 180
186, 250
186, 470
186, 489
186, 534
186, 674
186, 761
186, 851
186, 861
186, 873
186, 965
187, 100
187, 287
187, 364
187, 387
187, 476
187, 608
187, 755
187, 792
187, 799
187, 876
187, 967
187, 971
188, 26
188, 190
188, 313
188, 368
188, 527
188, 705
188, 823
189, 74
189, 90
189, 115
189, 494
189, 515
189, 551
189, 622
189, 783
189, 921
189, 957
190, 6
190, 101
190, 146
190, 201
190, 256
190, 258
190, 315
190, 634
190, 846
191, 125
191, 232
191, 302
191, 368
191, 447
191, 602
191, 685
191, 729
191, 774
191, 872
191, 898
191, 993
192, 140
192, 198
192, 246
192, 250
192, 565
192, 621
192, 691
192, 932
193, 252
193, 385
193, 493
193, 574
193, 670
193, 679
193, 716
193, 735
193, 877
193, 925
194, 33
194, 39
194, 89
194, 144
194, 189
194, 225
194, 226
194, 298
194, 492
194, 875
194, 955
194, 968
194, 987
195, 4
195, 86
195, 355
195, 527
195, 530
195, 551
195, 591
195, 601
195, 669
195, 756
195, 837
195, 964
196, 223
196, 262
196, 371
196, 605
196, 619
196, 720
196, 723
196, 935
197, 183
197, 357
197, 369
197, 461
197, 494
197, 545
197, 718
197, 812
197, 834
198, 39
198, 216
198, 254
198, 262
198, 283
198, 295
198, 350
198, 367
198, 466
198, 506
198, 642
198, 643
199, 37
199, 84
199, 126
199, 176
199, 381
199, 571
199, 831
200, 0
200, 3
200, 139
200, 165
200, 383
200, 501
200, 700
200, 743
200, 779
200, 855
200, 864
200, 870
200, 907
200, 909
201, 129
201, 175
201, 223
201, 288
201, 395
201, 428
201, 672
201, 688
201, 748
201, 759
201, 837
202, 132
202, 151
202, 206
202, 407
202, 493
202, 658
202, 823
202, 829
202, 914
203, 66
203, 125
203, 146
203, 226
203, 285
203, 331
203, 352
203, 372
203, 403
203, 409
203, 523
203, 622
203, 769
204, 24
204, 61
204, 115
204, 157
204, 194
204, 216
204, 303
204, 355
204, 420
204, 447
204, 503
204, 507
204, 735
204, 800
204, 948
204, 982
205, 64
205, 305
205, 505
205, 529
205, 532
205, 564
205, 570
205, 683
205, 901
206, 18
206, 221
206, 228
206, 279
206, 395
206, 611
206, 863
206, 906
206, 948
207, 18
207, 224
207, 236
207, 242
207, 349
207, 373
207, 384
207, 507
207, 574
207, 686
207, 817
207, 875
207, 902
208, 51
208, 63
208, 108
208, 184
208, 250
208, 263
208, 449
208, 600
208, 733
208, 982
209, 17
209, 44
209, 58
209, 74
209, 114
209, 267
209, 409
209, 488
209, 537
209, 625
209, 629
209, 630
209, 634
209, 727
209, 982
210, 49
210, 68
210, 94
210, 98
210, 232
210, 370
210, 457
210, 520
210, 677
210, 765
210, 773
210, 799
210, 843
210, 937
210, 970
211, 24
211, 190
211, 426
211, 466
211, 665
211, 666
211, 708
211, 926
211, 975
211, 977
212, 60
212, 98
212, 127
212, 403
212, 458
212, 533
212, 540
212, 784
212, 973
213, 12
213, 228
213, 324
213, 418
213, 441
213, 471
213, 484
213, 521
213, 702
213, 750
213, 812
213, 953
213, 985
214, 54
214, 111
214, 210
214, 361
214, 482
214, 487
214, 699
214, 834
215, 396
215, 397
215, 421
215, 671
215, 759
215, 805
215, 994
216, 49
216, 83
216, 181
216, 295
216, 326
216, 362
216, 383
216, 420
216, 508
216, 646
216, 705
217, 252
217, 464
217, 568
217, 640
217, 729
217, 817
218, 0
218, 133
218, 244
218, 493
218, 763
218, 788
218, 867
219, 27
219, 168
219, 305
219, 317
219, 396
219, 479
219, 537
219, 790
219, 808
220, 7
220, 118
220, 204
220, 374
220, 565
220, 637
220, 696
220, 770
220, 774
220, 825
220, 889
220, 898
221, 79
221, 203
221, 408
221, 524
221, 647
221, 655
221, 692
222, 12
222, 45
222, 245
222, 281
222, 580
222, 604
222, 636
222, 735
222, 857
222, 895
223, 190
223, 309
223, 349
223, 357
223, 359
223, 504
223, 654
223, 666
223, 752
223, 825
223, 924
224, 6
224, 13
224, 416
224, 488
224, 548
224, 618
224, 730
224, 734
224, 761
224, 789
224, 850
224, 886
224, 953
224, 956
225, 218
225, 368
225, 392
225, 443
225, 555
225, 592
225, 613
225, 624
225, 675
225, 706
225, 886
226, 88
226, 197
226, 637
226, 639
226, 659
226, 718
226, 736
226, 967
226, 994
227, 191
227, 298
227, 328
227, 391
227, 516
227, 720
227, 750
227, 848
227, 973
227, 983
228, 110
228, 209
228, 217
228, 259
228, 523
228, 610
228, 796
228, 804
228, 817
228, 928
229, 43
229, 124
229, 264
229, 312
229, 353
229, 482
229, 690
229, 729
229, 886
229, 936
229, 944
230, 39
230, 202
230, 252
230, 333
230, 348
230, 434
230, 590
230, 658
230, 916
230, 971
230, 985
231, 28
231, 54
231, 84
231, 87
231, 321
231, 353
231, 487
231, 581
231, 608
231, 616
231, 620
231, 759
231, 846
231, 878
231, 939
231, 961
232, 41
232, 51
232, 68
232, 387
232, 431
232, 579
232, 784
232, 898
232, 906
232, 918
232, 959
232, 977
233, 20
233, 200
233, 204
233, 273
233, 456
233, 585
233, 629
233, 721
233, 755
233, 812
233, 865
233, 885
233, 915
233, 925
233, 992
234, 76
234, 88
234, 122
234, 331
234, 459
234, 546
234, 564
234, 580
234, 609
234, 623
234, 867
234, 979
235, 204
235, 453
235, 538
235, 658
235, 662
235, 744
235, 815
235, 892
235, 931
236, 9
236, 53
236, 332
236, 427
236, 498
236, 637
236, 794
236, 815
236, 934
237, 392
237, 591
237, 694
237, 786
238, 47
238, 220
238, 308
238, 422
238, 634
238, 832
238, 879
238, 925
239, 226
239, 236
239, 631
239, 811
239, 828
239, 886
239, 896
240, 35
240, 64
240, 81
240, 83
240, 135
240, 227
240, 266
240, 344
240, 424
240, 435
240, 465
240, 467
240, 533
240, 664
240, 817
240, 982
241, 96
241, 251
241, 461
241, 679
241, 711
241, 801
241, 905
241, 925
242, 196
242, 216
242, 374
242, 433
242, 450
242, 452
242, 484
242, 504
242, 535
243, 108
243, 161
243, 223
243, 287
243, 555
243, 615
243, 637
243, 892
243, 913
244, 39
244, 193
244, 211
244, 249
244, 313
244, 332
244, 422
244, 666
244, 668
244, 732
244, 803
245, 32
245, 136
245, 279
245, 402
245, 447
245, 654
245, 742
245, 767
245, 792
245, 802
245, 880
246, 186
246, 221
246, 408
246, 434
246, 493
246, 613
246, 766
246, 920
246, 980
247, 238
247, 364
247, 420
247, 520
247, 532
247, 577
247, 583
247, 840
247, 978
248, 413
248, 704
248, 811
249, 10
249, 73
249, 175
249, 269
249, 399
249, 452
249, 723
249, 734
249, 846
249, 916
249, 984
250, 428
250, 607
250, 679
250, 702
250, 707
250, 746
250, 871
250, 987
251, 222
251, 266
251, 298
251, 503
251, 536
251, 915
251, 956
251, 992
252, 369
252, 628
252, 688
252, 718
252, 958
253, 22
253, 184
253, 213
253, 269
253, 291
253, 350
253, 390
253, 632
253, 755
253, 781
253, 845
253, 991
254, 208
254, 280
254, 357
254, 406
254, 483
254, 499
255, 12
255, 106
255, 279
255, 334
255, 456
255, 466
255, 476
255, 516
255, 577
255, 614
255, 725
255, 734
255, 735
255, 884
256, 72
256, 108
256, 154
256, 181
256, 202
256, 226
256, 393
256, 433
256, 903
257, 55
257, 131
257, 327
257, 379
257, 388
257, 399
257, 445
257, 479
257, 567
257, 722
257, 792
257, 864
257, 881
257, 882
258, 303
258, 605
258, 648
258, 804
258, 984
259, 80
259, 187
259, 224
259, 251
259, 377
259, 396
259, 478
259, 548
259, 579
259, 622
259, 700
259, 882
260, 108
260, 191
260, 311
260, 336
260, 424
260, 446
260, 518
260, 710
260, 717
260, 780
260, 861
260, 912
260, 999
261, 87
261, 269
261, 320
261, 329
261, 349
261, 693
261, 922
262, 335
262, 365
262, 426
262, 487
262, 554
262, 597
263, 13
263, 14
263, 55
263, 121
263, 276
263, 291
263, 307
263, 490
263, 839
264, 8
264, 129
264, 157
264, 174
264, 189
264, 258
264, 326
264, 393
264, 549
264, 673
264, 695
264, 832
264, 849
265, 136
265, 203
265, 416
265, 466
265, 574
265, 664
265, 878
266, 223
266, 274
266, 279
266, 432
266, 792
266, 820
267, 67
267, 110
267, 506
267, 507
267, 618
267, 678
267, 809
267, 817
267, 953
268, 74
268, 138
268, 321
268, 338
268, 473
268, 785
268, 909
269, 239
269, 254
269, 399
269, 442
269, 530
269, 556
269, 638
269, 659
269, 662
269, 664
269, 712
269, 857
270, 138
270, 165
270, 269
270, 276
270, 380
270, 419
270, 483
270, 522
270, 610
270, 623
270, 653
270, 746
270, 766
270, 777
270, 830
270, 835
270, 872
270, 978
271, 96
271, 459
271, 858
272, 19
272, 93
272, 489
272, 521
272, 625
272, 690
272, 951
272, 999
273, 15
273, 408
273, 628
273, 632
273, 700
273, 720
273, 736
273, 737
273, 749
273, 985
274, 20
274, 71
274, 74
274, 242
274, 250
274, 260
274, 340
274, 383
274, 749
275, 11
275, 93
275, 183
275, 265
275, 633
275, 834
275, 880
275, 902
276, 62
276, 66
276, 120
276, 384
276, 388
276, 522
276, 548
276, 640
276, 830
276, 854
276, 973
277, 56
277, 65
277, 167
277, 180
277, 259
277, 278
277, 293
277, 379
277, 392
277, 431
277, 641
277, 871
277, 878
277, 879
277, 994
278, 30
278, 99
278, 197
278, 219
278, 700
278, 717
278, 789
278, 920
278, 929
278, 987
279, 9
279, 380
279, 445
279, 474
279, 546
279, 603
279, 778
279, 811
279, 864
279, 946
279, 963
280, 134
280, 169
280, 356
280, 447
280, 523
280, 546
280, 938
281, 43
281, 101
281, 268
281, 537
281, 589
281, 683
281, 822
281, 997
282, 39
282, 67
282, 68
282, 166
282, 293
282, 335
282, 671
282, 762
282, 889
282, 907
282, 944
283, 129
283, 282
283, 315
283, 320
283, 333
283, 334
283, 526
283, 642
283, 761
283, 821
283, 894
284, 140
284, 226
284, 304
284, 457
284, 555
284, 670
284, 772
284, 804
284, 903
284, 964
285, 145
285, 173
285, 241
285, 333
285, 403
285, 411
285, 828
285, 888
286, 75
286, 162
286, 283
286, 285
286, 321
286, 659
286, 679
286, 986
287, 104
287, 378
287, 405
287, 620
287, 654
287, 702
287, 779
287, 796
287, 800
287, 844
287, 848
287, 940
287, 960
288, 6
288, 316
288, 405
288, 453
288, 566
288, 570
288, 574
288, 632
288, 662
288, 728
288, 764
288, 789
288, 903
288, 991
289, 6
289, 130
289, 214
289, 286
289, 324
289, 354
289, 415
289, 442
289, 609
289, 706
290, 134
290, 233
290, 517
290, 739
290, 764
290, 766
290, 793
290, 803
290, 881
290, 942
291, 59
291, 132
291, 171
291, 242
291, 380
291, 416
291, 468
291, 493
291, 643
291, 655
291, 702
291, 707
291, 805
291, 925
292, 47
292, 265
292, 350
292, 427
292, 708
292, 828
292, 936
292, 997
293, 76
293, 224
293, 271
293, 582
293, 610
293, 652
293, 668
293, 682
293, 737
293, 761
293, 790
293, 825
293, 862
293, 970
293, 999
294, 198
294, 532
294, 581
294, 862
294, 907
294, 984
295, 99
295, 299
295, 446
295, 544
295, 714
295, 771
295, 815
295, 898
296, 74
296, 246
296, 335
296, 578
296, 597
296, 698
296, 842
296, 940
296, 984
297, 15
297, 151
297, 375
297, 440
297, 473
297, 538
297, 557
297, 858
297, 925
297, 962
298, 40
298, 243
298, 502
298, 506
298, 541
298, 919
299, 62
299, 110
299, 190
299, 356
299, 551
299, 591
299, 624
299, 823
299, 932
300, 8
300, 90
300, 224
300, 321
300, 375
300, 408
300, 411
300, 556
300, 804
300, 811
301, 14
301, 23
301, 31
301, 250
301, 470
301, 530
301, 563
301, 570
301, 646
301, 653
301, 716
301, 791
301, 872
301, 885
301, 921
302, 10
302, 36
302, 244
302, 248
302, 396
302, 398
302, 453
302, 513
302, 628
302, 683
302, 789
302, 859
303, 2
303, 36
303, 67
303, 123
303, 158
303, 238
303, 568
303, 638
303, 780
303, 828
303, 835
303, 861
303, 931
304, 486
304, 517
304, 792
305, 3
305, 6
305, 156
305, 204
305, 212
305, 276
305, 580
305, 605
305, 636
305, 661
305, 669
305, 822
305, 926
306, 54
306, 109
306, 167
306, 322
306, 356
306, 460
306, 740
306, 752
306, 965
307, 148
307, 195
307, 223
307, 453
307, 462
307, 587
307, 707
307, 713
307, 759
307, 889
307, 894
307, 965
308, 274
308, 394
308, 419
308, 509
308, 610
308, 722
308, 815
308, 872
308, 937
309, 31
309, 265
309, 299
309, 376
309, 398
309, 423
309, 467
309, 559
309, 837
309, 994
310, 224
310, 240
310, 576
310, 647
310, 772
310, 925
311, 242
311, 263
311, 327
311, 355
311, 385
311, 459
311, 540
311, 853
311, 876
312, 343
312, 492
312, 635
312, 645
312, 705
313, 56
313, 70
313, 75
313, 111
313, 193
313, 272
313, 452
313, 457
313, 651
313, 758
313, 989
314, 294
314, 312
314, 563
314, 579
314, 690
314, 991
315, 56
315, 96
315, 165
315, 174
315, 187
315, 542
315, 596
315, 651
315, 653
315, 677
315, 700
315, 735
315, 820
315, 828
315, 892
315, 939
316, 119
316, 175
316, 326
316, 399
316, 470
316, 679
316, 724
316, 857
316, 868
316, 886
316, 914
316, 944
316, 952
317, 32
317, 298
317, 337
317, 912
317, 941
318, 18
318, 77
318, 127
318, 336
318, 416
318, 423
318, 432
318, 530
318, 546
318, 822
318, 857
318, 901
319, 65
319, 114
319, 457
319, 737
319, 899
319, 926
320, 70
320, 73
320, 124
320, 330
320, 347
320, 508
320, 544
321, 108
321, 324
321, 570
321, 637
321, 645
321, 656
321, 657
321, 760
321, 900
321, 919
322, 80
322, 150
322, 207
322, 751
322, 789
322, 811
322, 876
322, 909
323, 35
323, 127
323, 150
323, 377
323, 471
323, 548
323, 551
323, 688
323, 707
323, 734
323, 866
323, 917
323, 988
324, 100
324, 127
324, 166
324, 258
324, 359
324, 500
324, 776
324, 841
324, 905
325, 67
325, 103
325, 246
325, 258
325, 314
325, 336
325, 429
325, 606
325, 720
325, 735
325, 775
325, 830
325, 899
325, 940
326, 9
326, 26
326, 96
326, 566
326, 832
326, 906
326, 966
327, 297
327, 376
327, 464
327, 558
327, 631
327, 922
327, 923
328, 230
328, 323
328, 449
328, 545
328, 646
329, 10
329, 51
329, 465
329, 608
329, 622
329, 628
329, 635
329, 718
329, 897
330, 83
330, 131
330, 158
330, 408
330, 447
330, 463
330, 550
330, 629
330, 638
330, 677
330, 714
330, 773
330, 823
330, 927
330, 986
330, 992
331, 88
331, 232
331, 375
331, 397
331, 485
331, 579
331, 584
331, 597
331, 686
331, 706
331, 830
331, 943
332, 71
332, 83
332, 157
332, 277
332, 342
332, 531
332, 623
332, 681
332, 750
332, 815
333, 140
333, 208
333, 241
333, 358
333, 513
333, 544
333, 580
333, 605
333, 665
333, 886
333, 973
334, 39
334, 75
334, 144
334, 230
334, 275
334, 491
334, 499
334, 844
334, 921
335, 283
335, 294
335, 298
335, 309
335, 372
335, 432
335, 727
335, 761
335, 988
336, 40
336, 49
336, 222
336, 356
336, 397
336, 636
336, 688
337, 127
337, 249
337, 277
337, 420
337, 490
337, 562
337, 814
337, 933
337, 942
338, 75
338, 166
338, 185
338, 429
338, 446
338, 472
338, 475
338, 515
338, 567
338, 783
338, 813
338, 964
339, 93
339, 122
339, 324
339, 335
339, 420
339, 580
339, 598
339, 671
339, 729
340, 15
340, 30
340, 124
340, 233
340, 279
340, 416
340, 472
340, 550
340, 557
340, 594
340, 674
340, 704
341, 322
341, 324
341, 385
341, 406
341, 777
342, 218
342, 336
342, 338
342, 348
342, 413
342, 514
342, 548
342, 554
342, 816
343, 323
343, 417
343, 435
343, 451
343, 560
343, 617
343, 743
343, 824
343, 899
343, 982
344, 32
344, 191
344, 378
344, 437
344, 504
344, 539
344, 638
344, 656
344, 832
344, 840
345, 65
345, 179
345, 308
345, 311
345, 482
345, 708
345, 726
345, 760
345, 766
345, 847
346, 30
346, 113
346, 136
346, 203
346, 293
346, 389
346, 552
346, 610
346, 865
347, 38
347, 50
347, 233
347, 440
347, 539
347, 901
347, 923
347, 962
348, 2
348, 259
348, 410
348, 525
348, 652
348, 684
348, 692
348, 749
348, 909
349, 79
349, 187
349, 438
349, 459
349, 787
349, 864
349, 924
349, 926
350, 122
350, 201
350, 297
350, 409
350, 511
350, 546
350, 715
350, 723
350, 758
350, 990
351, 159
351, 160
351, 342
351, 568
351, 673
351, 855
351, 974
352, 423
352, 441
352, 508
352, 639
352, 690
352, 750
352, 795
352, 840
352, 857
352, 969
352, 982
353, 104
353, 165
353, 379
353, 597
353, 762
353, 792
353, 976
354, 18
354, 69
354, 156
354, 243
354, 293
354, 299
354, 369
354, 378
354, 457
354, 488
354, 496
354, 510
354, 670
354, 718
354, 827
355, 22
355, 85
355, 119
355, 286
355, 415
355, 702
355, 716
355, 810
356, 12
356, 29
356, 81
356, 100
356, 342
356, 362
356, 484
356, 499
356, 580
356, 664
356, 682
356, 751
356, 797
356, 968
357, 213
357, 286
357, 295
357, 328
357, 383
357, 389
357, 521
357, 676
357, 708
357, 890
357, 969
357, 973
358, 43
358, 212
358, 268
358, 345
358, 383
358, 685
358, 712
358, 756
358, 987
359, 2
359, 406
359, 419
359, 570
359, 585
359, 805
359, 809
359, 863
359, 920
359, 990
360, 2
360, 70
360, 91
360, 124
360, 153
360, 185
360, 277
360, 318
360, 372
360, 522
360, 630
360, 686
360, 800
360, 918
361, 34
361, 55
361, 211
361, 284
361, 467
361, 482
361, 693
361, 696
361, 772
361, 879
361, 923
361, 953
362, 84
362, 98
362, 208
362, 249
362, 302
362, 383
362, 391
362, 462
362, 570
362, 615
363, 20
363, 383
363, 397
363, 487
363, 653
363, 690
363, 917
363, 930
364, 36
364, 171
364, 198
364, 248
364, 571
364, 605
365, 14
365, 141
365, 257
365, 348
365, 472
365, 865
366, 3
366, 27
366, 450
366, 536
366, 631
366, 753
366, 830
366, 880
366, 927
367, 26
367, 65
367, 157
367, 215
367, 309
367, 339
367, 490
367, 519
367, 575
367, 656
367, 718
367, 798
367, 934
368, 9
368, 60
368, 289
368, 393
368, 452
368, 488
368, 511
368, 617
368, 622
368, 642
368, 675
368, 701
368, 739
368, 888
369, 6
369, 246
369, 328
369, 473
369, 770
369, 874
370, 1
370, 326
370, 426
370, 625
370, 639
370, 973
370, 979
371, 0
371, 1
371, 5
371, 151
371, 174
371, 237
371, 306
371, 510
371, 519
371, 608
371, 625
371, 688
371, 689
371, 800
371, 878
371, 941
372, 0
372, 5
372, 9
372, 28
372, 164
372, 244
372, 327
372, 342
372, 352
372, 420
372, 421
372, 582
372, 627
372, 643
372, 710
372, 881
372, 987
373, 1
373, 53
373, 87
373, 263
373, 588
373, 675
373, 760
373, 982
374, 62
374, 105
374, 163
374, 675
374, 715
374, 748
374, 802
374, 884
375, 75
375, 85
375, 133
375, 149
375, 240
375, 287
375, 290
375, 342
375, 372
375, 387
375, 432
375, 461
375, 482
375, 485
375, 727
375, 770
375, 907
375, 946
375, 949
375, 952
376, 105
376, 123
376, 157
376, 316
376, 355
376, 891
376, 911
377, 52
377, 196
377, 200
377, 283
377, 437
377, 440
377, 474
377, 625
377, 647
377, 810
377, 837
378, 188
378, 345
378, 517
378, 718
378, 758
378, 801
378, 859
378, 926
379, 69
379, 156
379, 179
379, 242
379, 387
379, 554
379, 671
379, 871
379, 969
379, 998
380, 30
380, 254
380, 403
380, 465
380, 634
380, 640
380, 777
380, 791
380, 819
380, 972
381, 46
381, 205
381, 403
381, 456
381, 542
381, 645
381, 792
381, 873
381, 881
381, 909
381, 922
381, 949
382, 4
382, 144
382, 196
382, 247
382, 273
382, 676
382, 702
382, 767
382, 822
382, 859
383, 194
383, 241
383, 510
383, 738
383, 816
383, 819
383, 864
383, 965
384, 16
384, 31
384, 102
384, 191
384, 193
384, 394
384, 503
384, 531
384, 824
384, 894
384, 912
384, 963
384, 970
385, 95
385, 103
385, 340
385, 380
385, 503
385, 531
385, 669
385, 875
385, 877
385, 896
385, 960
385, 983
386, 62
386, 102
386, 140
386, 195
386, 267
386, 301
386, 506
386, 789
387, 15
387, 140
387, 146
387, 165
387, 230
387, 304
387, 336
387, 367
387, 598
387, 675
387, 691
387, 815
387, 861
387, 877
387, 895
387, 906
388, 54
388, 56
388, 199
388, 458
388, 477
388, 583
388, 662
388, 671
388, 876
388, 884
389, 2
389, 32
389, 126
389, 492
389, 510
389, 606
389, 618
389, 631
389, 642
389, 687
389, 765
389, 797
389, 809
389, 876
389, 934
389, 948
389, 962
390, 180
390, 323
390, 360
390, 362
390, 492
390, 593
390, 619
390, 733
390, 853
390, 917
390, 993
390, 997
391, 102
391, 207
391, 240
391, 350
391, 520
391, 610
391, 682
391, 694
391, 803
392, 95
392, 349
392, 425
392, 517
392, 566
392, 724
392, 998
393, 131
393, 355
393, 398
393, 600
393, 666
393, 792
394, 265
394, 417
394, 494
394, 510
394, 600
394, 622
394, 701
394, 706
394, 707
394, 807
394, 884
395, 0
395, 70
395, 100
395, 207
395, 276
395, 406
395, 530
395, 556
395, 608
395, 749
395, 828
396, 33
396, 62
396, 116
396, 142
396, 182
396, 318
396, 533
396, 551
396, 688
397, 92
397, 96
397, 357
397, 393
397, 577
397, 783
398, 30
398, 94
398, 269
398, 273
398, 307
398, 323
398, 397
398, 665
398, 720
398, 739
398, 795
398, 992
399, 28
399, 242
399, 315
399, 621
399, 688
399, 816
399, 823
400, 54
400, 133
400, 195
400, 321
400, 537
400, 546
400, 565
400, 611
400, 644
401, 5
401, 563
401, 647
401, 763
401, 794
401, 885
401, 905
401, 961
401, 981
402, 7
402, 10
402, 24
402, 313
402, 388
402, 620
402, 983
403, 61
403, 180
403, 235
403, 344
403, 413
403, 535
403, 650
403, 739
404, 3
404, 119
404, 211
404, 384
404, 392
404, 429
404, 527
404, 624
404, 658
404, 687
404, 903
404, 963
405, 75
405, 228
405, 232
405, 290
405, 347
405, 400
405, 514
405, 620
405, 667
405, 719
405, 891
405, 895
405, 917
406, 118
406, 159
406, 181
406, 198
406, 307
406, 447
406, 596
406, 728
406, 834
406, 925
406, 954
407, 24
407, 188
407, 304
407, 482
407, 536
407, 555
407, 577
407, 774
407, 823
407, 849
407, 965
408, 171
408, 223
408, 228
408, 230
408, 288
408, 334
408, 554
408, 594
408, 893
408, 974
409, 93
409, 139
409, 278
409, 299
409, 368
409, 390
409, 493
409, 510
409, 513
409, 653
409, 673
409, 675
409, 682
409, 706
409, 787
409, 891
409, 895
409, 950
410, 88
410, 254
410, 370
410, 560
410, 586
410, 595
410, 752
410, 823
410, 930
411, 101
411, 254
411, 281
411, 419
411, 488
411, 814
411, 872
412, 132
412, 173
412, 237
412, 243
412, 252
412, 323
412, 438
412, 441
412, 456
412, 570
412, 769
412, 837
412, 928
412, 938
412, 964
413, 6
413, 47
413, 69
413, 109
413, 298
413, 299
413, 613
413, 812
413, 818
413, 880
413, 955
413, 994
414, 6
414, 8
414, 21
414, 149
414, 238
414, 259
414, 276
414, 325
414, 365
414, 505
414, 593
414, 597
414, 713
414, 808
414, 846
414, 916
415, 249
415, 391
415, 571
415, 712
415, 781
415, 786
415, 789
415, 869
416, 253
416, 359
416, 503
416, 682
416, 695
416, 719
416, 813
417, 193
417, 231
417, 303
417, 354
417, 364
417, 391
417, 565
417, 611
417, 904
417, 982
418, 53
418, 104
418, 518
418, 535
418, 572
418, 820
418, 980
419, 128
419, 150
419, 216
419, 462
419, 488
419, 883
420, 34
420, 113
420, 188
420, 233
420, 369
420, 470
420, 636
420, 956
421, 96
421, 150
421, 180
421, 186
421, 312
421, 323
421, 395
421, 465
421, 518
421, 695
421, 727
421, 787
422, 332
422, 490
422, 785
422, 801
422, 906
422, 999
423, 20
423, 293
423, 319
423, 342
423, 386
423, 584
423, 707
423, 711
423, 772
423, 967
424, 29
424, 122
424, 138
424, 306
424, 395
424, 407
424, 608
424, 734
424, 974
425, 7
425, 29
425, 110
425, 134
425, 353
425, 455
425, 593
425, 655
425, 662
425, 678
425, 730
425, 866
426, 742
426, 903
426, 920
427, 95
427, 124
427, 170
427, 442
427, 545
427, 836
428, 43
428, 172
428, 255
428, 445
428, 448
428, 611
428, 631
428, 708
428, 902
428, 933
429, 33
429, 242
429, 272
429, 297
429, 320
429, 361
429, 537
429, 567
429, 629
429, 667
429, 752
429, 769
430, 46
430, 50
430, 124
430, 174
430, 210
430, 218
430, 357
430, 375
430, 389
430, 421
430, 559
430, 571
430, 615
430, 734
430, 749
430, 829
430, 963
431, 59
431, 340
431, 356
431, 360
431, 549
431, 609
431, 668
431, 672
431, 689
431, 995
432, 117
432, 308
432, 386
432, 498
432, 517
432, 524
432, 733
432, 989
433, 153
433, 207
433, 215
433, 529
433, 584
433, 609
433, 975
434, 114
434, 159
434, 207
434, 257
434, 260
434, 280
434, 403
434, 494
434, 543
434, 617
434, 703
434, 734
434, 773
434, 942
435, 70
435, 80
435, 99
435, 102
435, 103
435, 480
435, 811
435, 932
435, 960
436, 147
436, 221
436, 286
436, 332
436, 354
436, 462
436, 497
436, 504
436, 505
436, 536
436, 575
436, 690
436, 868
437, 24
437, 46
437, 79
437, 585
437, 591
437, 685
437, 769
437, 804
438, 0
438, 40
438, 259
438, 328
438, 356
438, 430
438, 862
439, 23
439, 192
439, 193
439, 219
439, 445
439, 472
439, 580
439, 665
439, 668
439, 788
439, 941
440, 49
440, 114
440, 203
440, 217
440, 292
440, 378
440, 422
440, 629
440, 640
440, 718
440, 766
440, 786
440, 846
440, 972
441, 56
441, 92
441, 93
441, 158
441, 234
441, 291
441, 294
441, 302
441, 404
441, 496
441, 510
441, 532
441, 676
441, 706
441, 838
441, 858
441, 934
441, 937
442, 8
442, 32
442, 89
442, 172
442, 192
442, 251
442, 282
442, 517
442, 574
442, 586
442, 784
442, 831
442, 980
443, 23
443, 51
443, 57
443, 75
443, 115
443, 188
443, 205
443, 226
443, 371
443, 408
443, 527
443, 552
443, 697
443, 742
443, 789
443, 896
444, 286
444, 305
444, 355
444, 525
444, 545
444, 559
444, 561
444, 626
445, 170
445, 203
445, 384
445, 845
445, 849
445, 907
446, 12
446, 18
446, 140
446, 161
446, 315
446, 428
446, 434
446, 438
446, 739
446, 819
446, 844
446, 848
446, 911
447, 153
447, 284
447, 468
447, 540
447, 543
447, 632
447, 747
447, 761
448, 132
448, 170
448, 195
448, 294
448, 309
448, 445
448, 470
448, 484
448, 507
448, 684
448, 698
448, 768
448, 799
448, 874
449, 89
449, 268
449, 612
449, 841
449, 956
450, 58
450, 67
450, 69
450, 253
450, 389
450, 405
450, 791
450, 805
450, 961
451, 19
451, 72
451, 232
451, 278
451, 305
451, 554
451, 815
451, 875
452, 311
452, 324
452, 419
452, 420
452, 534
452, 622
452, 816
452, 870
452, 950
452, 986
452, 998
453, 304
453, 375
453, 462
453, 481
453, 552
453, 681
453, 747
453, 867
454, 31
454, 38
454, 54
454, 56
454, 378
454, 381
454, 606
454, 715
454, 731
454, 949
455, 176
455, 710
455, 789
456, 102
456, 208
456, 276
456, 307
456, 360
456, 425
456, 455
456, 515
456, 658
456, 890
456, 994
457, 28
457, 42
457, 113
457, 223
457, 307
457, 346
457, 389
457, 390
457, 672
457, 750
457, 839
457, 873
457, 935
457, 972
458, 7
458, 110
458, 118
458, 470
458, 579
458, 670
458, 830
458, 956
459, 171
459, 355
459, 480
459, 616
459, 673
459, 711
459, 720
459, 795
459, 804
459, 874
460, 73
460, 410
460, 459
460, 586
460, 588
460, 628
460, 767
461, 75
461, 123
461, 198
461, 318
461, 358
461, 487
461, 542
461, 575
461, 592
461, 709
462, 123
462, 167
462, 175
462, 324
462, 428
462, 440
462, 492
462, 538
462, 809
463, 233
463, 354
463, 438
463, 461
463, 486
463, 574
463, 672
463, 756
463, 781
464, 206
464, 221
464, 300
464, 452
464, 771
464, 934
465, 49
465, 213
465, 253
465, 261
465, 324
465, 363
465, 824
465, 889
465, 957
466, 21
466, 96
466, 125
466, 184
466, 230
466, 341
466, 413
466, 414
466, 429
466, 451
466, 503
466, 571
466, 601
466, 723
466, 891
467, 81
467, 157
467, 229
467, 256
467, 322
467, 329
467, 336
467, 358
467, 378
467, 574
467, 597
467, 651
467, 701
467, 963
468, 83
468, 217
468, 534
468, 683
468, 927
469, 96
469, 156
469, 320
469, 396
469, 498
469, 691
469, 836
469, 878
470, 1
470, 66
470, 76
470, 187
470, 274
470, 338
470, 444
470, 453
470, 556
470, 557
470, 587
470, 603
470, 605
470, 648
471, 86
471, 262
471, 307
471, 415
471, 946
471, 977
472, 59
472, 138
472, 197
472, 241
472, 539
472, 701
472, 713
472, 827
472, 860
472, 973
473, 85
473, 376
473, 436
473, 560
473, 587
473, 620
473, 720
473, 750
473, 778
474, 38
474, 220
474, 395
474, 398
474, 431
474, 499
474, 510
474, 558
474, 736
474, 779
475, 11
475, 20
475, 69
475, 335
475, 469
475, 472
475, 478
475, 523
475, 830
476, 5
476, 14
476, 76
476, 85
476, 106
476, 109
476, 166
476, 174
476, 272
476, 490
476, 685
476, 711
476, 730
476, 859
476, 974
477, 321
477, 591
477, 593
477, 704
477, 815
477, 844
477, 845
477, 952
478, 56
478, 232
478, 309
478, 322
478, 383
478, 403
478, 453
478, 521
478, 633
478, 668
478, 821
479, 65
479, 340
479, 341
479, 415
479, 436
479, 437
479, 475
479, 485
479, 510
479, 668
479, 717
479, 943
480, 2
480, 243
480, 492
480, 548
480, 776
480, 820
480, 947
480, 992
481, 357
481, 358
481, 471
481, 512
481, 598
481, 684
481, 703
481, 712
481, 722
481, 855
481, 879
481, 922
482, 181
482, 232
482, 357
482, 389
482, 465
482, 522
482, 564
482, 647
482, 725
482, 890
482, 902
482, 949
483, 35
483, 146
483, 162
483, 366
483, 403
483, 449
483, 532
483, 539
483, 833
484, 53
484, 210
484, 269
484, 276
484, 337
484, 440
484, 640
484, 819
484, 904
485, 44
485, 102
485, 270
485, 322
485, 567
485, 785
485, 872
485, 968
486, 68
486, 246
486, 346
486, 347
486, 575
486, 583
486, 598
486, 626
486, 736
486, 753
486, 786
486, 813
486, 901
486, 903
487, 134
487, 279
487, 288
487, 439
487, 443
487, 460
487, 550
487, 997
488, 31
488, 162
488, 547
488, 551
488, 578
488, 658
488, 858
488, 937
488, 948
488, 969
488, 970
489, 46
489, 148
489, 208
489, 349
489, 402
489, 420
489, 481
489, 723
489, 798
490, 17
490, 55
490, 91
490, 324
490, 328
490, 357
490, 404
490, 439
490, 578
490, 630
490, 646
490, 785
490, 795
490, 868
490, 961
491, 56
491, 144
491, 171
491, 225
491, 252
491, 267
491, 420
491, 790
491, 876
491, 986
492, 181
492, 251
492, 384
492, 453
492, 500
492, 528
492, 536
492, 758
492, 771
492, 839
492, 845
492, 883
493, 112
493, 328
493, 349
493, 563
493, 632
493, 654
493, 685
493, 736
493, 753
493, 767
493, 858
494, 74
494, 130
494, 283
494, 629
494, 743
494, 907
494, 936
494, 948
494, 958
495, 15
495, 490
495, 511
495, 615
495, 696
495, 697
496, 75
496, 236
496, 254
496, 448
496, 528
496, 553
496, 569
496, 571
496, 814
496, 873
496, 932
496, 934
497, 73
497, 126
497, 162
497, 166
497, 336
497, 358
497, 457
497, 478
497, 510
497, 513
497, 573
497, 601
497, 630
498, 29
498, 56
498, 79
498, 126
498, 200
498, 354
498, 518
498, 575
498, 610
498, 633
498, 760
498, 907
499, 1
499, 7
499, 56
499, 263
499, 319
499, 408
499, 482
499, 523
499, 607
499, 698
499, 767
499, 794
499, 876
499, 964
500, 67
500, 81
500, 150
500, 322
500, 751
501, 180
501, 513
501, 663
501, 742
501, 908
502, 29
502, 371
502, 492
502, 501
502, 676
502, 771
502, 846
503, 76
503, 231
503, 292
503, 298
503, 302
503, 368
503, 427
503, 557
503, 656
503, 931
503, 961
504, 147
504, 314
504, 328
504, 437
504, 614
504, 658
504, 799
504, 939
504, 993
505, 127
505, 187
505, 212
505, 768
505, 801
505, 933
506, 467
506, 586
506, 792
507, 64
507, 71
507, 141
507, 406
507, 639
507, 813
507, 893
508, 165
508, 195
508, 283
508, 567
508, 769
508, 778
508, 853
509, 24
509, 185
509, 209
509, 268
509, 280
509, 317
509, 403
509, 426
509, 478
509, 541
509, 648
509, 870
509, 897
509, 991
510, 30
510, 71
510, 93
510, 323
510, 359
510, 587
510, 667
510, 747
510, 759
510, 802
510, 848
510, 874
511, 113
511, 136
511, 146
511, 550
511, 574
511, 621
511, 867
512, 418
512, 460
512, 521
512, 659
512, 902
512, 908
512, 913
513, 59
513, 76
513, 100
513, 264
513, 308
513, 404
513, 414
513, 445
513, 447
513, 574
513, 590
513, 596
513, 601
513, 602
513, 778
514, 35
514, 263
514, 363
514, 397
514, 449
514, 734
514, 771
514, 801
514, 831
514, 955
515, 76
515, 614
515, 672
515, 988
516, 130
516, 135
516, 328
516, 350
516, 351
516, 385
516, 485
516, 597
516, 633
516, 686
516, 706
516, 897
516, 933
517, 347
517, 398
517, 416
517, 487
517, 525
517, 621
517, 768
517, 855
517, 999
518, 175
518, 283
518, 588
518, 759
518, 803
518, 836
518, 838
518, 994
519, 86
519, 393
519, 548
519, 577
519, 649
519, 656
519, 789
519, 908
519, 949
519, 950
520, 41
520, 71
520, 195
520, 248
520, 341
520, 410
520, 665
520, 732
520, 788
520, 811
520, 992
521, 3
521, 69
521, 257
521, 522
521, 600
521, 610
521, 883
521, 921
521, 965
521, 999
522, 58
522, 128
522, 328
522, 366
522, 473
522, 637
522, 742
522, 768
522, 785
522, 812
523, 368
523, 392
523, 397
523, 398
523, 432
523, 446
523, 567
523, 629
523, 665
523, 990
524, 17
524, 50
524, 297
524, 325
524, 445
524, 497
524, 569
524, 607
524, 615
524, 782
524, 799
524, 915
525, 97
525, 363
525, 630
525, 659
526, 2
526, 15
526, 124
526, 154
526, 189
526, 280
526, 552
526, 566
526, 571
526, 676
526, 711
526, 743
527, 141
527, 196
527, 253
527, 293
527, 320
527, 354
527, 399
527, 462
527, 495
527, 635
527, 700
527, 746
527, 845
527, 894
527, 947
528, 15
528, 222
528, 442
528, 509
528, 555
528, 634
528, 733
528, 742
528, 814
528, 952
528, 996
529, 3
529, 53
529, 54
529, 320
529, 516
529, 702
529, 890
529, 944
530, 85
530, 238
530, 438
530, 456
530, 629
530, 733
530, 922
531, 60
531, 124
531, 273
531, 281
531, 312
531, 381
531, 545
531, 566
531, 646
531, 653
532, 27
532, 123
532, 146
532, 287
532, 339
532, 385
532, 410
532, 506
532, 860
532, 912
532, 957
533, 1
533, 57
533, 295
533, 318
533, 371
533, 467
533, 513
533, 873
534, 2
534, 99
534, 149
534, 281
534, 298
534, 524
534, 955
534, 958
534, 961
534, 990
535, 213
535, 239
535, 251
535, 318
535, 592
535, 673
535, 761
535, 781
535, 879
536, 36
536, 186
536, 392
536, 579
536, 672
536, 739
536, 865
537, 236
537, 320
537, 458
537, 706
537, 722
537, 969
538, 249
538, 301
538, 361
538, 541
538, 652
538, 792
538, 859
539, 49
539, 93
539, 220
539, 333
539, 358
539, 416
539, 504
539, 523
539, 642
539, 711
539, 807
539, 924
540, 66
540, 270
540, 274
540, 329
540, 422
540, 429
540, 438
540, 506
540, 518
540, 559
540, 665
540, 687
540, 703
540, 884
541, 63
541, 115
541, 443
541, 581
541, 661
541, 692
541, 959
541, 968
542, 70
542, 145
542, 210
542, 265
542, 305
542, 413
542, 422
542, 547
542, 806
543, 17
543, 18
543, 109
543, 133
543, 148
543, 229
543, 278
543, 298
543, 414
543, 496
543, 517
543, 540
543, 553
543, 589
543, 652
543, 782
543, 946
544, 117
544, 412
544, 519
544, 792
544, 798
544, 903
544, 962
545, 39
545, 212
545, 250
545, 450
545, 478
545, 567
545, 631
545, 693
545, 786
545, 852
545, 898
545, 985
546, 352
546, 573
546, 576
546, 807
546, 946
547, 28
547, 51
547, 269
547, 273
547, 471
547, 475
547, 510
547, 633
547, 930
547, 997
548, 20
548, 69
548, 310
548, 428
548, 464
548, 522
548, 563
548, 735
548, 857
548, 903
548, 939
548, 948
548, 964
549, 63
549, 204
549, 244
549, 275
549, 428
549, 482
549, 503
549, 564
549, 593
549, 782
550, 249
550, 319
550, 464
550, 482
550, 529
550, 739
550, 964
550, 969
551, 28
551, 73
551, 139
551, 203
551, 221
551, 257
551, 554
551, 798
551, 952
551, 974
551, 979
551, 995
552, 35
552, 318
552, 371
552, 416
552, 465
552, 469
552, 493
552, 715
552, 770
552, 905
552, 989
553, 127
553, 337
553, 414
553, 426
553, 526
553, 666
553, 715
553, 752
553, 778
553, 998
554, 120
554, 248
554, 576
554, 666
554, 835
554, 847
554, 896
554, 977
555, 667
555, 684
555, 936
556, 49
556, 113
556, 129
556, 496
556, 620
556, 661
556, 829
557, 24
557, 192
557, 197
557, 226
557, 293
557, 325
557, 425
557, 526
557, 579
557, 733
557, 751
558, 34
558, 92
558, 157
558, 191
558, 240
558, 497
558, 582
558, 942
558, 949
559, 260
559, 459
559, 798
559, 803
559, 831
559, 836
559, 996
560, 65
560, 112
560, 157
560, 160
560, 376
560, 757
560, 818
561, 14
561, 50
561, 189
561, 251
561, 310
561, 459
561, 473
561, 531
561, 623
561, 671
561, 713
561, 744
561, 761
562, 298
562, 670
562, 675
562, 700
562, 725
562, 741
562, 876
563, 140
563, 278
563, 445
563, 795
563, 798
563, 824
563, 900
564, 97
564, 239
564, 685
564, 789
564, 799
564, 852
564, 886
564, 900
564, 948
565, 31
565, 172
565, 205
565, 213
565, 223
565, 264
565, 330
565, 346
565, 707
565, 713
565, 847
565, 982
566, 207
566, 232
566, 333
566, 483
566, 685
566, 741
566, 771
566, 810
566, 960
567, 152
567, 215
567, 402
567, 487
567, 516
567, 529
567, 628
567, 802
567, 805
567, 851
567, 853
568, 169
568, 272
568, 300
568, 460
568, 483
568, 508
568, 637
568, 724
568, 751
568, 967
568, 989
569, 172
569, 270
569, 284
569, 309
569, 493
569, 602
569, 626
569, 633
569, 757
569, 890
569, 955
570, 146
570, 153
570, 349
570, 382
570, 711
570, 749
570, 835
570, 862
570, 959
570, 990
571, 11
571, 47
571, 164
571, 177
571, 318
571, 344
571, 464
571, 468
571, 561
571, 649
571, 797
572, 73
572, 288
572, 293
572, 553
572, 571
572, 759
572, 915
572, 919
572, 962
573, 131
573, 221
573, 314
573, 698
573, 847
573, 979
574, 47
574, 144
574, 330
574, 403
574, 432
574, 567
574, 851
574, 999
575, 40
575, 189
575, 238
575, 327
575, 402
575, 566
575, 639
576, 71
576, 91
576, 131
576, 265
576, 284
576, 436
576, 710
576, 874
576, 882
576, 912
577, 270
577, 291
577, 536
577, 539
577, 711
577, 803
577, 894
577, 991
578, 56
578, 315
578, 400
578, 480
578, 540
578, 562
578, 665
578, 676
578, 736
578, 859
578, 936
579, 25
579, 30
579, 96
579, 161
579, 209
579, 225
579, 326
579, 527
579, 676
579, 705
579, 828
579, 832
579, 925
579, 947
579, 961
580, 8
580, 78
580, 180
580, 330
580, 516
580, 646
580, 851
580, 863
580, 899
581, 83
581, 153
581, 281
581, 301
581, 387
581, 943
581, 944
582, 31
582, 209
582, 412
582, 418
582, 503
582, 506
582, 510
582, 571
582, 622
582, 678
582, 770
582, 782
583, 100
583, 182
583, 279
583, 337
583, 418
583, 450
583, 527
583, 619
583, 667
583, 743
583, 770
583, 983
584, 29
584, 116
584, 178
584, 370
584, 395
584, 545
584, 563
584, 769
584, 808
584, 951
585, 26
585, 57
585, 91
585, 148
585, 282
585, 462
585, 479
585, 504
585, 625
585, 843
585, 859
585, 862
586, 43
586, 72
586, 342
586, 353
586, 399
586, 534
586, 622
586, 722
586, 780
587, 12
587, 41
587, 172
587, 264
587, 375
587, 389
587, 411
587, 569
587, 677
587, 708
587, 953
587, 974
587, 993
588, 175
588, 302
588, 642
588, 683
588, 945
588, 960
588, 995
589, 95
589, 172
589, 331
589, 406
589, 427
589, 568
589, 677
590, 9
590, 116
590, 292
590, 305
590, 353
590, 403
590, 404
590, 501
590, 563
590, 646
590, 687
590, 767
590, 870
590, 918
591, 65
591, 127
591, 196
591, 296
591, 300
591, 491
591, 802
591, 935
592, 70
592, 145
592, 163
592, 204
592, 220
592, 259
592, 588
592, 707
592, 756
592, 799
592, 871
593, 33
593, 81
593, 103
593, 131
593, 203
593, 251
593, 306
593, 545
593, 778
593, 808
593, 902
593, 907
594, 322
594, 716
594, 745
594, 826
594, 883
594, 934
595, 24
595, 133
595, 147
595, 178
595, 183
595, 258
595, 294
595, 331
595, 412
595, 452
595, 474
595, 559
595, 570
595, 716
595, 800
595, 919
596, 177
596, 388
596, 498
596, 577
596, 630
596, 694
596, 788
596, 837
596, 869
596, 956
596, 962
596, 971
597, 29
597, 404
597, 450
597, 480
597, 579
597, 661
597, 919
597, 946
598, 40
598, 55
598, 69
598, 99
598, 110
598, 265
598, 361
598, 407
598, 636
598, 706
599, 175
599, 182
599, 204
599, 263
599, 382
599, 389
599, 412
599, 473
599, 592
599, 887
599, 912
599, 999
600, 66
600, 73
600, 74
600, 187
600, 263
600, 545
600, 612
600, 896
601, 63
601, 232
601, 300
601, 362
601, 527
601, 706
601, 757
601, 907
601, 921
602, 30
602, 57
602, 100
602, 282
602, 322
602, 596
602, 728
602, 751
602, 771
602, 807
602, 834
603, 14
603, 35
603, 53
603, 97
603, 209
603, 270
603, 277
603, 482
603, 733
603, 800
603, 879
603, 889
603, 899
603, 916
604, 9
604, 59
604, 75
604, 190
604, 311
604, 354
604, 373
604, 488
604, 619
604, 679
604, 695
604, 773
604, 779
604, 814
605, 121
605, 184
605, 293
605, 436
605, 474
605, 551
605, 792
606, 19
606, 77
606, 263
606, 318
606, 405
606, 738
606, 909
606, 973
607, 33
607, 206
607, 266
607, 358
607, 489
607, 807
607, 951
608, 152
608, 313
608, 995
609, 65
609, 97
609, 105
609, 160
609, 290
609, 402
609, 462
609, 495
609, 528
609, 596
609, 638
609, 774
609, 805
609, 847
609, 880
610, 109
610, 702
610, 775
610, 799
610, 980
611, 2
611, 34
611, 74
611, 80
611, 162
611, 300
611, 404
611, 455
611, 630
611, 764
612, 5
612, 76
612, 136
612, 258
612, 367
612, 617
612, 868
612, 903
613, 28
613, 100
613, 197
613, 207
613, 584
613, 688
613, 739
613, 773
613, 893
613, 988
614, 162
614, 163
614, 303
614, 438
614, 442
614, 457
614, 734
614, 757
614, 884
615, 441
615, 500
615, 547
615, 652
615, 674
615, 677
615, 703
615, 936
615, 971
616, 12
616, 13
616, 76
616, 106
616, 131
616, 245
616, 249
616, 279
616, 281
616, 387
616, 521
616, 586
616, 589
616, 677
616, 721
617, 100
617, 101
617, 224
617, 298
617, 723
617, 729
617, 857
617, 970
618, 100
618, 103
618, 152
618, 349
618, 674
618, 871
618, 896
618, 897
619, 49
619, 72
619, 94
619, 179
619, 236
619, 343
619, 354
619, 358
619, 665
619, 667
619, 734
619, 876
619, 935
620, 57
620, 107
620, 156
620, 220
620, 386
620, 453
620, 534
620, 564
620, 688
620, 818
620, 849
621, 135
621, 165
621, 461
621, 537
621, 559
621, 780
621, 796
621, 816
621, 899
621, 947
621, 982
622, 172
622, 225
622, 289
622, 335
622, 380
622, 641
622, 760
622, 782
622, 811
622, 848
622, 982
623, 24
623, 139
623, 305
623, 333
623, 364
623, 533
623, 665
623, 902
624, 308
624, 482
624, 560
624, 622
624, 704
624, 711
624, 744
624, 882
624, 890
624, 985
625, 119
625, 414
625, 555
625, 572
625, 732
625, 759
625, 890
625, 919
625, 963
626, 27
626, 212
626, 236
626, 314
626, 341
626, 350
626, 408
626, 711
626, 785
626, 882
626, 884
627, 250
627, 369
627, 398
627, 523
627, 851
627, 896
628, 294
628, 419
628, 792
628, 827
628, 986
629, 151
629, 356
629, 406
629, 460
629, 714
629, 896
629, 933
629, 987
630, 6
630, 64
630, 102
630, 121
630, 145
630, 202
630, 220
630, 260
630, 489
630, 492
630, 610
630, 716
630, 751
630, 755
630, 946
631, 61
631, 66
631, 254
631, 332
631, 438
631, 467
631, 479
631, 513
631, 640
631, 644
631, 815
631, 834
631, 915
631, 981
632, 25
632, 115
632, 194
632, 214
632, 340
632, 450
632, 619
632, 896
633, 188
633, 201
633, 213
633, 295
633, 326
633, 459
633, 461
633, 490
633, 543
633, 823
633, 993
634, 89
634, 233
634, 307
634, 515
634, 564
634, 630
634, 647
634, 700
634, 736
634, 791
635, 262
635, 279
635, 335
635, 348
635, 676
635, 738
635, 757
635, 856
635, 927
635, 977
636, 11
636, 44
636, 309
636, 370
636, 379
636, 511
636, 950
637, 122
637, 249
637, 354
637, 355
637, 371
637, 475
637, 632
637, 635
637, 639
637, 713
637, 774
637, 981
637, 995
638, 354
638, 440
638, 453
638, 570
638, 643
638, 646
638, 663
638, 683
638, 739
638, 822
638, 835
638, 842
639, 50
639, 66
639, 99
639, 138
639, 275
639, 361
639, 453
639, 481
639, 497
639, 532
639, 723
639, 726
639, 774
639, 856
639, 954
639, 982
640, 13
640, 20
640, 32
640, 106
640, 311
640, 537
640, 639
640, 683
640, 735
640, 784
640, 958
641, 194
641, 212
641, 320
641, 397
641, 424
641, 452
641, 497
641, 539
641, 727
641, 799
641, 834
641, 836
641, 858
642, 101
642, 375
642, 562
642, 609
642, 670
642, 772
642, 929
643, 204
643, 218
643, 308
643, 382
643, 529
643, 608
643, 690
643, 746
643, 790
643, 901
643, 917
643, 920
643, 999
644, 135
644, 157
644, 396
644, 421
644, 478
644, 499
644, 556
644, 572
644, 868
645, 148
645, 181
645, 242
645, 368
645, 388
645, 429
645, 489
645, 562
645, 585
645, 623
645, 651
645, 675
645, 815
645, 940
646, 251
646, 362
646, 473
646, 674
646, 694
646, 781
646, 871
646, 888
647, 48
647, 70
647, 203
647, 312
647, 322
647, 387
647, 519
647, 607
647, 620
647, 795
647, 802
647, 835
648, 22
648, 109
648, 149
648, 156
648, 163
648, 176
648, 362
648, 410
648, 607
648, 755
648, 877
648, 978
648, 993
649, 16
649, 119
649, 269
649, 299
649, 322
649, 505
649, 563
649, 882
649, 936
650, 10
650, 16
650, 93
650, 323
650, 595
650, 840
650, 894
650, 917
651, 346
651, 482
651, 846
651, 879
651, 921
652, 45
652, 51
652, 98
652, 267
652, 303
652, 314
652, 330
652, 788
652, 828
652, 829
652, 844
652, 848
652, 880
652, 975
653, 95
653, 156
653, 280
653, 294
653, 304
653, 371
653, 572
653, 627
653, 710
653, 777
653, 823
654, 21
654, 71
654, 435
654, 510
654, 756
654, 870
654, 997
655, 15
655, 480
655, 500
655, 503
655, 542
655, 627
655, 653
655, 730
656, 136
656, 236
656, 239
656, 241
656, 253
656, 258
656, 333
656, 412
656, 445
656, 510
656, 550
656, 595
656, 673
656, 772
656, 960
657, 38
657, 84
657, 95
657, 335
657, 392
657, 425
657, 483
657, 505
657, 558
657, 559
657, 889
658, 12
658, 55
658, 114
658, 166
658, 406
658, 435
658, 603
658, 626
658, 845
658, 962
659, 73
659, 339
659, 432
659, 451
659, 478
659, 600
659, 887
659, 910
660, 32
660, 69
660, 170
660, 204
660, 207
660, 281
660, 362
660, 410
660, 428
660, 697
660, 735
660, 741
660, 834
660, 864
660, 877
660, 939
661, 14
661, 415
661, 602
661, 659
661, 692
661, 806
661, 916
661, 932
661, 936
662, 83
662, 86
662, 281
662, 298
662, 558
662, 559
662, 611
662, 959
662, 987
663, 66
663, 279
663, 370
663, 520
663, 579
663, 693
663, 696
663, 814
663, 882
664, 39
664, 262
664, 345
664, 359
664, 594
664, 769
665, 37
665, 107
665, 346
665, 350
665, 388
665, 563
665, 572
665, 773
666, 191
666, 222
666, 305
666, 440
666, 627
666, 641
666, 762
666, 948
666, 981
667, 9
667, 90
667, 378
667, 545
667, 620
667, 655
667, 791
667, 931
667, 991
668, 106
668, 355
668, 469
668, 504
668, 562
668, 637
668, 671
668, 780
668, 803
668, 884
668, 939
669, 90
669, 211
669, 223
669, 225
669, 391
669, 427
669, 460
669, 472
669, 546
669, 673
669, 738
669, 857
669, 981
669, 991
669, 999
670, 58
670, 93
670, 216
670, 336
670, 542
670, 712
670, 759
670, 781
670, 794
670, 800
670, 892
671, 67
671, 76
671, 141
671, 199
671, 239
671, 255
671, 259
671, 452
671, 591
671, 674
671, 792
671, 819
671, 836
671, 881
671, 896
671, 942
672, 168
672, 568
672, 808
672, 845
672, 855
672, 990
673, 36
673, 39
673, 263
673, 353
673, 534
673, 602
673, 638
673, 768
673, 851
673, 908
674, 14
674, 336
674, 534
674, 741
674, 846
675, 34
675, 81
675, 191
675, 249
675, 291
675, 317
675, 329
675, 335
675, 412
675, 486
675, 511
675, 542
675, 556
675, 679
675, 744
676, 59
676, 136
676, 156
676, 218
676, 322
676, 336
676, 470
676, 522
676, 559
676, 787
676, 832
676, 907
676, 928
677, 52
677, 205
677, 277
677, 339
677, 362
677, 714
677, 826
677, 968
678, 274
678, 288
678, 344
678, 454
678, 474
678, 495
678, 800
678, 852
679, 23
679, 102
679, 539
679, 606
679, 738
679, 741
679, 919
679, 998
680, 64
680, 261
680, 381
680, 500
680, 582
680, 609
680, 723
680, 858
680, 934
680, 938
681, 30
681, 39
681, 44
681, 399
681, 440
681, 473
681, 564
681, 579
681, 770
681, 823
681, 863
681, 945
681, 963
682, 91
682, 279
682, 301
682, 331
682, 398
682, 427
682, 491
682, 575
682, 625
682, 862
682, 986
683, 361
683, 817
683, 842
683, 860
684, 213
684, 230
684, 253
684, 300
684, 470
684, 538
684, 659
684, 666
684, 681
684, 794
684, 915
685, 149
685, 215
685, 219
685, 500
685, 518
685, 645
685, 667
685, 744
685, 953
686, 44
686, 128
686, 177
686, 241
686, 306
686, 515
686, 761
686, 788
686, 860
687, 19
687, 56
687, 104
687, 233
687, 299
687, 329
687, 605
687, 775
687, 888
688, 41
688, 86
688, 159
688, 342
688, 744
688, 757
688, 768
688, 794
688, 910
688, 977
688, 999
689, 28
689, 68
689, 447
689, 674
689, 739
689, 894
690, 278
690, 421
690, 438
690, 768
690, 934
690, 972
690, 986
691, 23
691, 46
691, 135
691, 186
691, 194
691, 450
691, 508
691, 576
691, 620
691, 733
691, 842
691, 878
691, 927
691, 940
691, 957
692, 119
692, 130
692, 265
692, 495
692, 630
692, 686
692, 956
693, 52
693, 111
693, 235
693, 237
693, 281
693, 414
693, 488
693, 583
693, 692
693, 868
693, 889
693, 911
693, 932
693, 962
693, 997
694, 180
694, 222
694, 348
694, 361
694, 368
694, 443
694, 449
694, 546
694, 670
694, 813
695, 204
695, 280
695, 374
695, 429
695, 431
695, 473
695, 536
695, 698
695, 851
695, 880
696, 47
696, 178
696, 252
696, 591
696, 704
696, 850
696, 861
696, 892
696, 926
697, 79
697, 197
697, 278
697, 380
697, 505
697, 581
697, 641
697, 693
697, 919
698, 102
698, 214
698, 366
698, 411
698, 475
698, 502
698, 509
698, 554
698, 685
698, 706
698, 856
699, 109
699, 149
699, 190
699, 198
699, 203
699, 228
699, 568
699, 626
699, 678
700, 375
700, 717
700, 760
700, 764
700, 859
701, 187
701, 193
701, 216
701, 438
701, 487
701, 508
701, 638
701, 671
701, 729
701, 813
702, 151
702, 166
702, 251
702, 445
702, 544
702, 751
703, 56
703, 177
703, 245
703, 247
703, 257
703, 299
703, 372
703, 442
703, 523
703, 530
703, 782
703, 837
703, 905
704, 24
704, 60
704, 102
704, 181
704, 262
704, 430
704, 491
704, 663
704, 715
704, 828
704, 892
704, 954
705, 51
705, 104
705, 139
705, 156
705, 158
705, 178
705, 268
705, 313
705, 331
705, 399
705, 495
705, 549
705, 580
705, 732
705, 844
705, 846
706, 53
706, 181
706, 276
706, 314
706, 560
706, 738
707, 111
707, 141
707, 274
707, 483
707, 564
707, 613
707, 654
707, 655
707, 760
707, 781
707, 844
707, 986
708, 66
708, 80
708, 101
708, 107
708, 149
708, 273
708, 322
708, 488
708, 545
708, 594
708, 683
708, 831
708, 834
708, 854
708, 858
708, 916
709, 72
709, 118
709, 135
709, 151
709, 291
709, 447
709, 620
709, 621
709, 696
709, 712
709, 751
709, 773
709, 784
709, 801
709, 835
710, 54
710, 138
710, 255
710, 515
710, 552
710, 905
710, 985
711, 58
711, 193
711, 249
711, 263
711, 401
711, 402
711, 456
711, 507
711, 522
711, 525
711, 715
711, 902
712, 2
712, 8
712, 26
712, 78
712, 87
712, 101
712, 153
712, 173
712, 349
712, 423
712, 499
712, 514
712, 843
712, 880
712, 942
713, 88
713, 185
713, 264
713, 370
713, 464
713, 586
713, 717
713, 732
713, 958
714, 12
714, 101
714, 257
714, 288
714, 346
714, 596
714, 600
714, 819
714, 842
714, 881
714, 960
714, 980
715, 119
715, 290
715, 547
715, 578
715, 580
715, 613
715, 689
715, 744
715, 766
715, 794
715, 811
715, 848
715, 853
715, 891
715, 972
715, 986
715, 991
716, 119
716, 141
716, 266
716, 334
716, 340
716, 501
716, 508
716, 512
716, 537
716, 625
716, 953
716, 968
717, 1
717, 10
717, 187
717, 222
717, 247
717, 256
717, 299
717, 446
717, 826
717, 895
717, 935
718, 198
718, 230
718, 303
718, 336
718, 694
718, 709
718, 926
718, 991
719, 80
719, 97
719, 280
719, 471
719, 647
719, 684
719, 890
720, 9
720, 11
720, 83
720, 275
720, 333
720, 373
720, 416
720, 531
720, 633
720, 649
720, 742
720, 743
720, 964
721, 68
721, 240
721, 369
721, 456
721, 527
721, 565
721, 604
722, 43
722, 166
722, 230
722, 515
722, 659
722, 720
722, 723
722, 820
722, 914
722, 971
723, 275
723, 328
723, 424
723, 497
723, 930
723, 963
724, 42
724, 61
724, 236
724, 344
724, 363
724, 764
724, 791
724, 889
724, 943
724, 970
724, 988
724, 991
725, 78
725, 214
725, 216
725, 427
725, 527
725, 616
725, 937
725, 987
726, 233
726, 454
726, 469
726, 498
726, 535
726, 675
726, 709
726, 934
726, 945
726, 950
727, 7
727, 131
727, 171
727, 193
727, 546
727, 846
727, 925
728, 8
728, 31
728, 219
728, 227
728, 391
728, 410
728, 594
728, 841
728, 866
728, 941
728, 960
729, 60
729, 167
729, 520
729, 594
729, 600
729, 696
729, 916
730, 184
730, 199
730, 255
730, 374
730, 515
730, 746
730, 783
730, 850
731, 242
731, 281
731, 335
731, 401
731, 603
731, 637
731, 671
731, 738
731, 790
731, 813
731, 845
731, 883
731, 959
731, 964
732, 155
732, 192
732, 343
732, 440
732, 506
732, 578
732, 614
732, 699
732, 961
733, 220
733, 560
733, 595
733, 770
733, 851
733, 879
734, 24
734, 100
734, 116
734, 299
734, 315
734, 326
734, 405
734, 453
734, 536
734, 637
734, 935
735, 258
735, 334
735, 487
735, 944
736, 23
736, 25
736, 290
736, 338
736, 445
736, 601
736, 603
736, 654
736, 689
736, 815
736, 839
736, 843
736, 850
736, 874
737, 20
737, 34
737, 286
737, 645
737, 973
738, 276
738, 404
738, 570
738, 626
738, 630
738, 939
739, 11
739, 54
739, 87
739, 207
739, 498
739, 502
739, 612
739, 979
740, 125
740, 215
740, 232
740, 237
740, 950
741, 177
741, 416
741, 430
741, 498
741, 642
741, 827
741, 890
741, 897
742, 92
742, 201
742, 232
742, 297
742, 585
742, 924
743, 64
743, 511
743, 577
743, 691
743, 710
743, 830
743, 940
744, 72
744, 184
744, 250
744, 309
744, 356
744, 421
744, 514
744, 515
744, 568
744, 704
744, 842
744, 896
745, 64
745, 112
745, 132
745, 313
745, 334
745, 343
745, 690
745, 721
746, 27
746, 32
746, 93
746, 154
746, 184
746, 231
746, 280
746, 299
746, 622
746, 845
746, 932
746, 974
747, 189
747, 216
747, 254
747, 318
747, 370
747, 491
747, 508
747, 548
747, 654
747, 885
747, 888
747, 977
748, 25
748, 182
748, 208
748, 443
748, 461
748, 644
748, 764
748, 773
748, 817
748, 878
748, 883
749, 33
749, 39
749, 51
749, 295
749, 332
749, 564
749, 645
749, 648
749, 751
749, 798
749, 982
750, 33
750, 301
750, 331
750, 359
750, 527
750, 577
750, 666
750, 773
751, 39
751, 72
751, 85
751, 265
751, 413
751, 444
751, 550
751, 731
751, 965
752, 79
752, 121
752, 151
752, 271
752, 275
752, 345
752, 498
752, 557
752, 594
752, 833
752, 997
753, 11
753, 26
753, 46
753, 132
753, 191
753, 459
753, 468
753, 523
753, 574
753, 842
753, 934
754, 5
754, 274
754, 300
754, 489
754, 551
754, 739
754, 747
754, 853
754, 894
755, 17
755, 70
755, 93
755, 113
755, 200
755, 510
755, 589
755, 601
755, 720
755, 744
755, 775
755, 846
755, 935
756, 16
756, 87
756, 131
756, 191
756, 203
756, 244
756, 263
756, 331
756, 432
756, 517
756, 538
756, 553
756, 844
756, 944
757, 32
757, 347
757, 410
757, 535
757, 542
757, 572
757, 695
757, 779
757, 833
757, 933
757, 973
757, 991
758, 90
758, 133
758, 319
758, 426
758, 565
758, 617
758, 633
758, 658
758, 711
758, 847
758, 916
759, 196
759, 230
759, 285
759, 313
759, 339
759, 348
759, 667
759, 727
759, 874
759, 981
760, 252
760, 381
760, 691
760, 749
760, 970
761, 40
761, 123
761, 210
761, 261
761, 373
761, 380
761, 420
761, 679
761, 721
761, 789
761, 851
762, 62
762, 215
762, 328
762, 344
762, 372
762, 473
762, 672
762, 886
762, 888
763, 43
763, 256
763, 422
763, 451
763, 520
763, 526
763, 564
763, 570
763, 823
763, 883
763, 904
764, 180
764, 265
764, 324
764, 388
765, 211
765, 457
765, 494
765, 495
765, 586
765, 619
765, 754
765, 822
765, 850
765, 895
766, 66
766, 133
766, 183
766, 394
766, 661
766, 667
766, 869
767, 32
767, 96
767, 122
767, 230
767, 285
767, 392
767, 427
767, 469
767, 752
767, 965
768, 60
768, 176
768, 242
768, 359
768, 612
768, 760
768, 806
768, 993
769, 0
769, 40
769, 112
769, 184
769, 198
769, 517
769, 583
769, 979
770, 56
770, 125
770, 173
770, 434
770, 511
770, 697
770, 781
770, 807
770, 860
771, 119
771, 200
771, 323
771, 476
771, 520
771, 628
771, 632
771, 736
771, 745
771, 897
771, 962
772, 116
772, 132
772, 246
772, 253
772, 379
772, 411
772, 554
772, 644
772, 805
772, 815
772, 913
772, 960
773, 205
773, 370
773, 502
773, 576
773, 738
773, 764
773, 834
774, 55
774, 69
774, 223
774, 241
774, 393
774, 513
774, 663
774, 667
774, 735
774, 831
774, 908
775, 184
775, 185
775, 266
775, 283
775, 335
775, 338
775, 577
775, 688
775, 750
775, 787
775, 904
775, 931
776, 56
776, 61
776, 94
776, 120
776, 395
776, 794
776, 827
776, 846
777, 268
777, 437
777, 474
777, 476
777, 565
777, 614
777, 620
777, 775
777, 926
778, 57
778, 177
778, 276
778, 290
778, 363
778, 704
779, 82
779, 192
779, 202
779, 390
779, 472
779, 646
779, 661
779, 680
779, 710
779, 816
779, 847
779, 984
780, 17
780, 90
780, 108
780, 564
780, 694
780, 919
781, 3
781, 329
781, 468
781, 563
781, 603
781, 801
781, 908
782, 48
782, 103
782, 130
782, 331
782, 356
782, 394
782, 647
782, 670
782, 708
782, 910
783, 93
783, 138
783, 362
783, 475
783, 584
783, 785
783, 865
783, 885
783, 886
784, 179
784, 236
784, 285
784, 320
784, 412
784, 549
784, 607
784, 624
784, 758
784, 893
784, 918
784, 920
785, 10
785, 34
785, 153
785, 643
785, 679
785, 767
785, 828
785, 917
785, 985
786, 123
786, 346
786, 414
786, 641
786, 819
786, 945
787, 41
787, 219
787, 308
787, 352
787, 526
787, 583
787, 714
787, 788
787, 901
788, 280
788, 310
788, 363
788, 425
788, 447
788, 492
788, 865
789, 4
789, 41
789, 135
789, 148
789, 215
789, 730
789, 763
789, 993
789, 998
790, 31
790, 205
790, 248
790, 334
790, 396
790, 452
790, 581
790, 604
790, 620
790, 765
790, 843
790, 849
791, 11
791, 226
791, 311
791, 314
791, 486
791, 498
791, 562
791, 593
791, 612
791, 620
791, 840
791, 969
792, 217
792, 455
792, 529
792, 612
792, 624
792, 906
792, 948
792, 953
793, 221
793, 338
793, 342
793, 392
793, 713
793, 721
794, 129
794, 161
794, 206
794, 275
794, 321
794, 323
794, 398
794, 448
794, 617
794, 691
794, 948
795, 294
795, 462
795, 463
795, 566
795, 598
795, 674
795, 913
795, 939
795, 973
795, 984
796, 68
796, 115
796, 123
796, 183
796, 508
796, 557
796, 771
796, 793
796, 871
796, 937
796, 980
796, 991
797, 50
797, 114
797, 168
797, 248
797, 451
797, 618
797, 664
797, 682
797, 989
798, 44
798, 184
798, 374
798, 568
798, 600
798, 653
798, 661
798, 776
798, 830
798, 844
798, 903
799, 55
799, 128
799, 147
799, 212
799, 322
799, 464
799, 481
799, 734
799, 753
799, 866
799, 955
800, 111
800, 112
800, 147
800, 349
800, 584
800, 586
800, 673
800, 760
800, 773
800, 888
801, 78
801, 235
801, 472
801, 485
801, 492
801, 516
801, 523
801, 673
801, 678
801, 744
801, 901
801, 960
802, 220
802, 317
802, 466
802, 514
802, 632
802, 641
802, 689
802, 694
802, 717
802, 770
803, 32
803, 177
803, 202
803, 240
803, 243
803, 295
803, 571
803, 591
803, 592
803, 781
803, 838
803, 895
803, 976
804, 157
804, 200
804, 233
804, 451
804, 497
804, 715
804, 717
804, 741
804, 829
804, 926
804, 949
805, 162
805, 184
805, 189
805, 202
805, 255
805, 356
805, 495
805, 646
805, 799
806, 44
806, 282
806, 287
806, 300
806, 358
806, 360
806, 378
806, 426
806, 494
806, 514
806, 524
806, 699
806, 750
806, 793
806, 979
806, 990
807, 23
807, 40
807, 47
807, 79
807, 115
807, 207
807, 227
807, 321
807, 336
807, 559
807, 647
807, 809
807, 855
808, 111
808, 292
808, 389
808, 416
808, 444
808, 570
808, 600
808, 613
808, 638
808, 731
808, 898
808, 970
809, 100
809, 150
809, 178
809, 282
809, 434
809, 475
809, 518
809, 654
809, 820
809, 834
809, 848
809, 967
810, 14
810, 140
810, 159
810, 190
810, 432
810, 540
810, 784
810, 791
810, 819
811, 97
811, 105
811, 394
811, 537
811, 575
811, 634
811, 652
811, 729
811, 787
811, 861
811, 911
812, 94
812, 181
812, 261
812, 272
812, 385
812, 429
812, 536
812, 582
812, 617
812, 875
813, 13
813, 227
813, 325
813, 473
813, 600
813, 739
813, 843
813, 902
813, 914
814, 267
814, 333
814, 335
814, 384
814, 408
814, 507
814, 563
814, 598
814, 613
814, 647
814, 801
815, 152
815, 549
815, 634
815, 700
815, 766
815, 818
815, 827
815, 948
815, 953
816, 19
816, 25
816, 108
816, 151
816, 245
816, 335
816, 362
816, 461
816, 507
816, 857
816, 885
817, 21
817, 64
817, 77
817, 180
817, 229
817, 516
817, 644
817, 691
818, 45
818, 219
818, 229
818, 261
818, 325
818, 613
818, 677
818, 918
819, 10
819, 153
819, 156
819, 181
819, 404
819, 495
819, 509
819, 602
819, 749
819, 793
819, 818
820, 191
820, 366
820, 426
820, 532
820, 618
820, 713
820, 903
821, 471
821, 503
821, 640
821, 662
821, 800
821, 805
821, 845
821, 981
822, 356
822, 547
822, 555
822, 703
822, 889
822, 963
823, 15
823, 211
823, 258
823, 413
823, 586
823, 620
823, 661
823, 698
823, 761
823, 941
823, 993
824, 3
824, 98
824, 130
824, 476
824, 886
824, 938
825, 168
825, 317
825, 327
825, 514
825, 553
825, 600
825, 797
825, 807
825, 814
825, 921
826, 350
826, 361
826, 483
826, 509
826, 516
826, 771
826, 874
827, 165
827, 224
827, 306
827, 461
827, 473
827, 525
827, 550
827, 728
827, 788
827, 795
827, 840
827, 893
827, 944
827, 988
828, 16
828, 119
828, 143
828, 165
828, 187
828, 390
828, 408
828, 561
828, 846
828, 887
829, 153
829, 245
829, 258
829, 303
829, 427
829, 552
829, 579
829, 613
829, 660
829, 779
829, 782
829, 842
829, 909
829, 930
829, 944
830, 95
830, 230
830, 234
830, 309
830, 338
830, 371
830, 574
830, 603
830, 734
831, 77
831, 269
831, 288
831, 411
831, 436
831, 469
831, 531
831, 652
831, 734
831, 844
831, 918
831, 921
831, 951
832, 48
832, 132
832, 212
832, 232
832, 498
832, 558
832, 589
832, 620
832, 623
832, 763
832, 789
832, 933
832, 987
833, 32
833, 63
833, 252
833, 301
833, 305
833, 333
833, 376
833, 518
833, 756
833, 800
834, 159
834, 171
834, 254
834, 276
834, 414
834, 691
834, 727
834, 893
835, 86
835, 114
835, 159
835, 326
835, 367
835, 718
835, 787
835, 813
835, 863
835, 961
836, 123
836, 369
836, 472
836, 550
836, 564
836, 568
836, 574
836, 693
836, 711
836, 776
836, 906
836, 962
836, 976
837, 128
837, 314
837, 417
837, 531
837, 632
837, 770
837, 795
837, 896
837, 922
838, 78
838, 123
838, 229
838, 290
838, 319
838, 363
838, 435
838, 459
838, 549
838, 568
838, 589
838, 596
838, 637
838, 702
838, 769
838, 888
838, 889
839, 193
839, 210
839, 222
839, 223
839, 654
839, 711
840, 334
840, 563
840, 576
840, 667
840, 885
840, 951
840, 954
841, 49
841, 90
841, 226
841, 230
841, 334
841, 443
841, 627
841, 637
841, 727
841, 744
842, 132
842, 198
842, 222
842, 231
842, 243
842, 361
842, 375
842, 472
842, 637
842, 823
843, 25
843, 143
843, 304
843, 354
843, 482
843, 549
843, 561
843, 592
843, 641
843, 697
843, 792
844, 25
844, 56
844, 168
844, 192
844, 241
844, 493
844, 519
844, 643
844, 664
844, 672
844, 703
844, 901
845, 50
845, 148
845, 347
845, 422
845, 434
845, 526
845, 797
846, 185
846, 327
846, 369
846, 372
846, 381
846, 422
846, 437
846, 448
846, 593
846, 607
846, 767
846, 913
846, 923
847, 232
847, 418
847, 630
847, 694
847, 826
847, 994
848, 103
848, 264
848, 270
848, 303
848, 511
848, 613
848, 822
848, 981
848, 996
849, 2
849, 4
849, 136
849, 208
849, 335
849, 485
849, 559
849, 851
849, 949
850, 323
850, 423
850, 489
850, 643
850, 959
851, 47
851, 84
851, 92
851, 719
851, 859
851, 945
852, 8
852, 339
852, 349
852, 428
852, 430
852, 517
852, 652
852, 699
852, 780
852, 816
852, 874
852, 984
853, 82
853, 138
853, 168
853, 320
853, 345
853, 357
853, 369
853, 408
853, 551
853, 675
853, 684
853, 772
853, 791
853, 811
853, 828
854, 147
854, 167
854, 207
854, 265
854, 328
854, 380
854, 410
854, 422
854, 546
854, 606
854, 660
854, 765
854, 793
854, 873
854, 883
855, 164
855, 179
855, 189
855, 213
855, 306
855, 359
855, 411
855, 434
855, 524
855, 594
855, 779
855, 924
855, 950
856, 48
856, 64
856, 106
856, 359
856, 367
856, 382
856, 474
856, 692
856, 725
856, 888
856, 936
856, 938
857, 109
857, 175
857, 183
857, 344
857, 456
857, 619
857, 691
857, 715
857, 804
857, 902
857, 950
858, 5
858, 76
858, 211
858, 313
858, 409
858, 426
858, 451
858, 484
858, 557
858, 587
858, 972
858, 993
859, 19
859, 22
859, 153
859, 189
859, 415
859, 428
859, 655
859, 666
859, 807
859, 812
859, 817
859, 821
860, 308
860, 437
860, 525
860, 542
860, 608
860, 677
860, 719
861, 63
861, 119
861, 250
861, 472
861, 481
861, 508
861, 569
861, 668
861, 702
861, 828
861, 831
861, 913
862, 126
862, 151
862, 173
862, 182
862, 446
862, 500
862, 907
863, 439
863, 485
863, 501
863, 549
863, 649
863, 712
863, 812
863, 832
863, 881
863, 897
863, 899
863, 958
864, 66
864, 121
864, 122
864, 157
864, 208
864, 290
864, 394
864, 506
864, 597
864, 817
864, 846
865, 21
865, 57
865, 80
865, 179
865, 374
865, 535
865, 663
865, 921
865, 951
866, 130
866, 435
866, 468
866, 506
866, 683
866, 819
866, 964
867, 32
867, 79
867, 409
867, 465
867, 584
867, 631
867, 656
867, 700
867, 823
867, 866
867, 922
867, 971
868, 53
868, 139
868, 152
868, 173
868, 182
868, 353
868, 654
868, 725
868, 754
868, 771
868, 860
868, 985
869, 46
869, 159
869, 400
869, 404
869, 421
869, 438
869, 476
869, 499
869, 672
869, 683
869, 714
869, 773
869, 871
869, 928
870, 108
870, 119
870, 287
870, 375
870, 668
870, 841
870, 923
871, 279
871, 472
871, 545
871, 607
871, 704
871, 797
871, 811
872, 11
872, 34
872, 279
872, 449
872, 517
872, 520
872, 609
872, 704
872, 746
872, 828
873, 8
873, 54
873, 265
873, 274
873, 386
873, 464
873, 495
873, 618
873, 697
873, 739
874, 71
874, 238
874, 370
874, 489
874, 520
874, 524
874, 791
874, 927
874, 970
875, 41
875, 90
875, 119
875, 202
875, 295
875, 449
875, 478
875, 661
875, 714
875, 756
875, 763
875, 924
876, 85
876, 100
876, 125
876, 177
876, 236
876, 317
876, 374
876, 652
876, 656
876, 700
876, 734
876, 758
876, 775
876, 820
876, 971
877, 6
877, 26
877, 76
877, 208
877, 263
877, 891
877, 924
878, 29
878, 46
878, 124
878, 257
878, 281
878, 296
878, 434
878, 572
878, 626
878, 636
878, 703
878, 758
878, 947
879, 146
879, 194
879, 263
879, 264
879, 265
879, 279
879, 414
879, 510
879, 720
879, 766
880, 31
880, 87
880, 284
880, 326
880, 350
880, 412
880, 451
880, 514
880, 673
880, 793
880, 796
880, 895
880, 907
880, 954
881, 54
881, 147
882, 0
882, 161
882, 200
882, 214
882, 222
882, 282
882, 316
882, 444
882, 590
882, 604
882, 706
882, 982
883, 57
883, 72
883, 281
883, 427
883, 452
883, 464
883, 641
883, 726
883, 756
883, 776
883, 964
884, 28
884, 117
884, 149
884, 266
884, 291
884, 641
884, 726
884, 880
884, 891
884, 901
884, 941
885, 18
885, 43
885, 94
885, 167
885, 285
885, 300
885, 302
885, 347
885, 509
885, 528
885, 730
885, 760
885, 886
886, 63
886, 143
886, 175
886, 276
886, 342
886, 667
886, 714
886, 766
886, 805
886, 900
887, 262
887, 625
887, 697
887, 940
887, 996
887, 998
888, 0
888, 21
888, 69
888, 96
888, 104
888, 166
888, 424
888, 513
888, 588
889, 74
889, 80
889, 565
889, 571
889, 715
889, 716
889, 733
889, 749
889, 876
889, 907
889, 952
889, 957
890, 179
890, 344
890, 596
890, 661
891, 187
891, 483
891, 565
891, 584
891, 606
891, 669
891, 695
891, 806
891, 818
891, 883
891, 913
892, 211
892, 291
892, 298
892, 421
892, 431
892, 458
892, 534
892, 577
892, 623
892, 729
892, 740
892, 988
892, 994
893, 66
893, 70
893, 148
893, 168
893, 190
893, 247
893, 255
893, 355
893, 464
893, 550
893, 593
893, 660
893, 662
893, 679
893, 687
893, 814
893, 851
894, 23
894, 124
894, 201
894, 224
894, 231
894, 236
894, 441
894, 518
894, 552
894, 584
894, 607
894, 627
894, 832
894, 882
895, 131
895, 143
895, 226
895, 320
895, 473
895, 474
895, 518
895, 624
895, 697
895, 733
895, 739
895, 860
895, 979
895, 988
896, 34
896, 84
896, 165
896, 294
896, 616
896, 652
896, 979
896, 984
897, 151
897, 176
897, 181
897, 198
897, 255
897, 603
897, 753
897, 778
897, 864
897, 880
897, 888
897, 924
897, 944
897, 960
898, 37
898, 437
898, 453
898, 625
898, 653
898, 735
898, 819
899, 10
899, 40
899, 122
899, 305
899, 824
899, 861
899, 895
899, 948
899, 962
900, 157
900, 194
900, 332
900, 399
900, 502
900, 647
900, 888
901, 68
901, 204
901, 320
901, 350
901, 412
901, 425
901, 533
901, 575
901, 613
901, 795
901, 899
901, 971
901, 997
902, 215
902, 331
902, 407
902, 692
902, 788
902, 789
902, 943
903, 38
903, 165
903, 173
903, 250
903, 433
903, 536
903, 644
903, 665
903, 828
903, 870
904, 3
904, 16
904, 83
904, 130
904, 411
904, 539
904, 551
904, 581
904, 677
904, 774
904, 887
904, 933
905, 0
905, 89
905, 186
905, 215
905, 244
905, 335
905, 514
905, 559
905, 718
905, 768
905, 777
905, 824
906, 52
906, 170
906, 221
906, 394
906, 462
906, 517
906, 584
906, 607
906, 675
906, 679
906, 695
906, 734
906, 737
906, 794
906, 870
906, 991
907, 212
907, 583
907, 584
907, 792
907, 942
908, 179
908, 368
908, 437
908, 491
908, 551
908, 671
908, 931
909, 339
909, 696
909, 734
909, 738
909, 828
909, 856
909, 864
909, 923
909, 940
910, 22
910, 50
910, 60
910, 196
910, 349
910, 435
910, 474
910, 629
910, 651
910, 762
910, 769
911, 200
911, 286
911, 308
911, 595
911, 629
911, 766
911, 907
911, 917
911, 920
911, 969
912, 192
912, 278
912, 280
912, 334
912, 412
912, 413
912, 432
912, 457
912, 610
912, 731
912, 802
912, 964
913, 8
913, 15
913, 287
913, 311
913, 408
913, 461
913, 649
913, 676
913, 713
913, 797
914, 22
914, 102
914, 489
914, 752
914, 892
914, 931
915, 250
915, 346
915, 355
915, 365
915, 382
915, 476
915, 515
915, 618
915, 703
915, 765
916, 153
916, 362
916, 411
916, 507
916, 584
916, 960
917, 85
917, 166
917, 278
917, 388
917, 426
917, 454
917, 459
917, 506
917, 652
917, 987
918, 168
918, 177
918, 237
918, 501
918, 730
918, 878
918, 986
919, 206
919, 482
919, 583
919, 599
919, 614
919, 636
919, 784
919, 875
919, 920
919, 921
920, 64
920, 89
920, 126
920, 299
920, 325
920, 346
920, 373
920, 441
920, 451
920, 459
920, 558
920, 563
920, 672
920, 723
920, 840
920, 908
920, 964
920, 975
921, 163
921, 310
921, 424
921, 552
921, 737
921, 781
921, 804
922, 170
922, 322
922, 384
922, 400
922, 597
922, 612
922, 643
922, 845
922, 894
922, 948
923, 142
923, 236
923, 475
923, 543
923, 666
923, 667
923, 784
923, 814
924, 14
924, 25
924, 228
924, 417
924, 571
924, 647
924, 704
924, 770
924, 850
924, 899
924, 908
924, 945
925, 16
925, 240
925, 247
925, 266
925, 369
925, 535
925, 595
925, 702
925, 777
925, 992
926, 40
926, 158
926, 172
926, 367
926, 446
926, 468
926, 691
926, 860
926, 924
927, 112
927, 390
927, 617
927, 722
927, 754
927, 902
927, 944
928, 185
928, 274
928, 449
928, 532
928, 653
928, 860
928, 918
928, 977
929, 172
929, 251
929, 451
929, 497
929, 641
930, 119
930, 134
930, 152
930, 172
930, 198
930, 211
930, 246
930, 451
930, 470
930, 526
930, 625
930, 923
931, 92
931, 142
931, 216
931, 347
931, 428
931, 451
931, 463
931, 483
931, 543
931, 547
931, 572
931, 714
931, 720
931, 786
931, 858
931, 909
932, 115
932, 173
932, 237
932, 266
932, 271
932, 471
932, 525
932, 730
932, 822
932, 850
932, 882
933, 127
933, 205
933, 322
933, 584
933, 603
933, 615
933, 718
933, 749
933, 756
933, 851
933, 965
934, 111
934, 151
934, 375
934, 574
934, 719
935, 38
935, 107
935, 235
935, 507
935, 686
935, 763
935, 859
935, 866
935, 960
936, 203
936, 209
936, 275
936, 277
936, 342
936, 429
936, 473
936, 480
936, 496
936, 532
936, 537
936, 638
936, 784
936, 871
936, 958
936, 968
937, 186
937, 363
937, 498
937, 513
937, 579
937, 601
937, 609
937, 764
937, 862
938, 150
938, 230
938, 447
938, 727
938, 848
938, 900
938, 912
939, 461
939, 473
939, 572
939, 576
939, 715
939, 729
939, 932
939, 938
939, 960
939, 978
940, 79
940, 122
940, 174
940, 362
940, 436
940, 496
940, 677
940, 699
940, 758
940, 772
940, 880
941, 77
941, 94
941, 534
941, 692
941, 820
941, 878
942, 59
942, 87
942, 261
942, 324
942, 487
942, 627
942, 668
942, 730
942, 731
942, 773
942, 795
942, 799
942, 831
942, 841
942, 985
943, 153
943, 287
943, 343
943, 354
943, 470
943, 526
943, 555
943, 584
943, 605
943, 788
944, 42
944, 208
944, 217
944, 340
944, 389
944, 403
944, 428
944, 562
944, 615
944, 648
944, 691
944, 693
944, 878
945, 331
945, 373
945, 618
945, 884
946, 29
946, 212
946, 322
946, 390
946, 632
946, 776
946, 840
946, 846
946, 940
946, 984
947, 173
947, 199
947, 362
947, 390
947, 505
947, 560
947, 576
947, 648
948, 105
948, 243
948, 750
948, 886
948, 929
949, 128
949, 211
949, 298
949, 358
949, 572
949, 584
949, 679
949, 763
949, 835
949, 840
949, 920
949, 983
950, 155
950, 789
950, 847
951, 16
951, 108
951, 191
951, 513
951, 533
951, 558
951, 817
951, 852
951, 917
951, 940
951, 992
952, 108
952, 140
952, 150
952, 307
952, 467
952, 488
952, 595
952, 702
952, 767
952, 831
952, 929
952, 937
953, 44
953, 207
953, 216
953, 226
953, 357
953, 448
953, 475
953, 488
953, 577
953, 671
953, 742
953, 782
953, 813
954, 5
954, 177
954, 257
954, 391
954, 671
954, 688
954, 796
955, 14
955, 52
955, 352
955, 467
955, 468
955, 483
955, 528
955, 744
955, 794
955, 893
956, 98
956, 151
956, 153
956, 385
956, 402
956, 426
956, 503
956, 547
956, 611
956, 855
956, 986
957, 28
957, 89
957, 740
957, 996
958, 99
958, 154
958, 213
958, 219
958, 232
958, 243
958, 295
958, 499
958, 710
958, 869
958, 873
958, 939
959, 125
959, 289
959, 299
959, 434
959, 473
959, 652
959, 780
959, 788
959, 896
959, 935
960, 68
960, 238
960, 306
960, 309
960, 381
960, 443
960, 590
960, 614
960, 667
960, 727
960, 820
960, 858
960, 908
960, 970
960, 998
961, 120
961, 168
961, 290
961, 428
961, 626
961, 642
961, 777
961, 834
961, 842
961, 902
962, 84
962, 248
962, 325
962, 331
962, 406
962, 425
962, 498
962, 527
962, 849
962, 869
962, 967
963, 102
963, 211
963, 264
963, 282
963, 328
963, 522
963, 563
963, 854
963, 857
963, 937
963, 943
964, 117
964, 250
964, 360
964, 406
964, 427
964, 445
964, 545
964, 585
964, 743
964, 798
964, 846
964, 898
964, 910
964, 956
965, 37
965, 118
965, 129
965, 136
965, 147
965, 231
965, 236
965, 353
965, 461
965, 637
965, 718
965, 813
965, 854
965, 868
966, 327
966, 635
966, 678
966, 731
966, 898
966, 958
967, 85
967, 120
967, 132
967, 156
967, 180
967, 186
967, 211
967, 213
967, 317
967, 467
967, 645
967, 646
967, 893
968, 27
968, 206
968, 260
968, 296
968, 306
968, 377
968, 383
968, 405
968, 479
968, 547
968, 617
968, 701
969, 30
969, 109
969, 210
969, 273
969, 322
969, 588
969, 777
969, 987
970, 45
970, 91
970, 122
970, 224
970, 260
970, 416
970, 438
970, 483
970, 495
970, 541
970, 674
970, 725
970, 746
970, 785
970, 888
971, 203
971, 310
971, 375
971, 478
971, 777
971, 979
972, 45
972, 116
972, 167
972, 221
972, 348
972, 362
972, 547
972, 614
972, 621
972, 653
972, 798
972, 814
972, 900
972, 927
972, 944
972, 956
973, 66
973, 106
973, 249
973, 294
973, 374
973, 506
973, 708
973, 763
973, 824
974, 8
974, 120
974, 133
974, 153
974, 251
974, 343
974, 694
974, 710
974, 802
974, 822
974, 919
974, 969
974, 980
975, 59
975, 167
975, 180
975, 341
975, 407
975, 446
975, 458
975, 527
975, 544
975, 632
975, 969
976, 34
976, 270
976, 307
976, 475
976, 591
976, 613
976, 617
976, 651
976, 806
976, 984
977, 36
977, 113
977, 314
977, 670
977, 687
977, 741
977, 793
977, 801
977, 917
978, 26
978, 92
978, 209
978, 320
978, 436
978, 557
978, 576
978, 794
978, 883
978, 901
979, 87
979, 385
979, 404
979, 636
979, 642
979, 671
979, 672
979, 719
979, 745
979, 853
980, 38
980, 57
980, 113
980, 138
980, 154
980, 360
980, 763
980, 837
980, 925
981, 211
981, 335
981, 363
981, 365
981, 466
981, 497
981, 505
981, 576
981, 622
981, 790
981, 820
981, 978
982, 125
982, 370
982, 415
982, 428
982, 896
982, 969
983, 33
983, 78
983, 148
983, 258
983, 538
983, 599
983, 661
983, 673
983, 685
983, 772
983, 819
983, 898
984, 58
984, 143
984, 371
984, 413
984, 459
984, 648
984, 662
984, 713
984, 715
984, 883
984, 991
985, 6
985, 317
985, 397
985, 560
985, 572
985, 600
985, 602
985, 641
985, 729
985, 771
985, 813
985, 850
985, 893
986, 26
986, 110
986, 319
986, 497
986, 713
986, 774
986, 875
986, 888
986, 985
987, 37
987, 122
987, 144
987, 338
987, 416
987, 525
987, 596
987, 770
987, 809
987, 861
988, 206
988, 220
988, 389
988, 417
988, 477
988, 518
988, 750
988, 830
988, 884
988, 946
989, 88
989, 126
989, 170
989, 212
989, 320
989, 345
989, 519
989, 712
989, 727
989, 786
989, 828
989, 841
990, 41
990, 128
990, 160
990, 214
990, 254
990, 306
990, 312
990, 315
990, 339
990, 386
990, 417
990, 545
990, 695
990, 832
991, 230
991, 296
991, 367
991, 418
991, 420
991, 424
991, 462
991, 513
991, 573
991, 651
991, 818
991, 923
992, 170
992, 190
992, 210
992, 411
992, 442
992, 625
992, 766
992, 792
992, 796
992, 924
992, 933
993, 57
993, 109
993, 163
993, 488
993, 517
993, 519
993, 520
993, 599
993, 694
993, 842
993, 903
993, 928
994, 21
994, 164
994, 313
994, 329
994, 382
994, 509
994, 538
994, 709
994, 949
995, 73
995, 226
995, 407
995, 495
995, 705
995, 851
996, 5
996, 53
996, 100
996, 106
996, 132
996, 141
996, 352
996, 477
996, 608
996, 891
996, 902
996, 915
996, 940
997, 12
997, 459
997, 460
997, 465
997, 512
997, 746
997, 761
997, 769
998, 155
998, 207
998, 243
998, 324
998, 429
998, 438
998, 600
998, 797
999, 63
999, 146
999, 150
999, 164
999, 193
999, 392
999, 674
999, 708
999, 893
999, 993
